|bandpass_frequency|bandpass_weight|
|            double|         double|
|               GHz|               |
|              null|           null|
               10.0     0.000163339 
               11.0      0.00025045 
               12.0      0.00039225 
               13.0     0.000630371 
               14.0     0.001045119 
               14.2     0.001161344 
               14.4     0.001292589 
               14.6     0.001441015 
               14.8     0.001609358 
               15.0      0.00180061 
               15.2     0.002018462 
               15.4     0.002267283 
               15.6     0.002552018 
               15.8     0.002879009 
               16.0     0.003255341 
               16.2     0.003689821 
               16.4     0.004193106 
               16.6     0.004777602 
               16.8     0.005459244 
               17.0     0.006256478 
               17.2     0.007192482 
               17.4     0.008295985 
               17.6     0.009601217 
               17.8      0.01115305 
               18.0     0.013004665 
               18.2     0.015224352 
               18.4     0.017899497 
               18.6     0.021135926 
               18.8     0.025075673 
               19.0     0.029892681 
               19.2     0.035814427 
               19.4     0.043136382 
               19.6     0.052227332 
               19.8      0.06358517 
               20.0     0.077824261 
               20.2     0.095745687 
               20.4     0.118373155 
               20.6     0.146912757 
               20.8     0.182899063 
               21.0     0.227926037 
               21.2     0.283618023 
               21.4      0.35124469 
               21.6     0.430825515 
               21.8     0.520928837 
               22.0     0.617263207 
               22.2     0.713374498 
               22.4     0.801633716 
               22.6     0.875100379 
               22.8     0.929982495 
               23.0     0.966047197 
               23.2     0.985991407 
               23.4     0.993763753 
               23.6       0.9943161 
               23.8     0.990116542 
               24.0     0.984955018 
               24.2      0.98012178 
               24.4     0.975693524 
               24.6     0.975343884 
               24.8     0.973926213 
               25.0      0.97444538 
               25.2     0.973209872 
               25.4     0.977992434 
               25.6     0.979682265 
               25.8     0.936807181 
               26.0     0.981026859 
               26.2      0.97065242 
               26.4     0.969087206 
               26.6     0.975327172 
               26.8     0.932970537 
               27.0     0.943218872 
               27.2     0.944941471 
               27.4     0.933990811 
               27.6       0.9270859 
               27.8     0.921244834 
               28.0     0.914423625 
               28.2     0.910207586 
               28.4     0.909061182 
               28.6      0.90785833 
               28.8     0.907795445 
               29.0      0.90428308 
               29.2     0.892186037 
               29.4     0.862849637 
               29.6     0.804092411 
               29.8     0.706924461 
               30.0     0.574045645 
               30.2     0.425946801 
               30.4     0.290675174 
               30.6     0.186659426 
               30.8     0.115816341 
               31.0     0.071462121 
               31.2     0.044957145 
               31.4     0.029486041 
               31.6     0.020524574 
               31.8     0.015257437 
               32.0      0.01206922 
               32.2     0.010029422 
               32.4     0.008621995 
               32.6     0.007569226 
               32.8     0.006717081 
               33.0     0.005989197 
               33.2     0.005344633 
               33.4     0.004762753 
               33.6     0.004234795 
               33.8     0.003754025 
               34.0     0.003318048 
               34.2     0.002924084 
               34.4     0.002569294 
               34.6     0.002251835 
               34.8     0.001968333 
               35.0     0.001716511 
               35.2     0.001493737 
               35.4     0.001296958 
               35.6     0.001124281 
               36.6     0.000538379 
               37.6      0.00025939 
               38.6     0.000123957 
               39.6     9.05779e-05 
               40.6     6.82992e-05 
               41.6     5.34213e-05 
               42.6     4.00511e-05 
               43.6     2.70198e-05 
               44.6     1.48825e-05 
               45.6     6.36371e-06 
               46.6     4.54444e-06 
               47.6     6.54853e-06 
               48.6     8.00873e-06 
               49.6     8.17114e-06 
               50.6     7.61241e-06 
               51.6     6.79525e-06 
               52.6     5.94755e-06 
               53.6     5.16257e-06 
               54.6     4.47065e-06 
               55.6     3.87507e-06 
               56.6     3.36829e-06 
               57.6      2.9392e-06 
               58.6     2.57644e-06 
               59.6     2.26957e-06 
