\ Text file in IPAC table format, read with astropy
\ from astropy.table import QTable
\ QTable.read('filename.tbl', format='ascii.ipac')
\ Instrument model exported from Lambda WMAP DR5
|bandpass_frequency|        bandpass_weight|
|            double|                 double|
|               GHz|                       |
|              null|                   null|
               26.5  1.3732794976095345e-06 
              26.57  -4.803912822542473e-06 
              26.64 -3.1744422135828554e-06 
               26.7   5.875590651989947e-06 
              26.77  -7.532940096265497e-06 
              26.84 -1.9496229048866406e-06 
              26.91   5.927370445855518e-06 
              26.97  1.0081353711520657e-05 
              27.04  3.9807153223528495e-06 
              27.11  2.2398192867238115e-05 
              27.17   3.233989980602242e-05 
              27.24  4.3478367717168814e-05 
              27.31    6.69625115202593e-05 
              27.38   6.644081913317853e-05 
              27.44  4.6535742248967036e-05 
              27.51    3.38305497992433e-05 
              27.58  2.9477864072396854e-05 
              27.65  2.6646192114445614e-05 
              27.72  2.7397971179361176e-05 
              27.78   3.993159513654913e-05 
              27.85  4.0605971228169376e-05 
              27.92   3.210108864304643e-05 
              27.99   5.841731275163833e-05 
              28.05   6.367990161086527e-05 
              28.12  5.6880552845439686e-05 
              28.19   8.019895665414663e-05 
              28.25  0.00011762239711423094 
              28.32  0.00016407817127404685 
              28.39  0.00024628848827864874 
              28.46   0.0004264961089913486 
              28.52   0.0005046469966805463 
              28.59   0.0005920294055267341 
              28.66    0.001095272097646181 
              28.73   0.0012276435525885926 
               28.8    0.002281118982765318 
              28.86    0.006176627528016741 
              28.93    0.013375014239147913 
               29.0    0.020991518596635547 
              29.07     0.04827170940224982 
              29.13     0.06496432189507914 
               29.2     0.05985262197029908 
              29.27     0.07346873057089509 
              29.34     0.09165360413777819 
               29.4     0.08031912153537717 
              29.47     0.08673911580001162 
              29.54     0.09981054058517845 
               29.6     0.08115471493646416 
              29.67     0.07136678313165166 
              29.74     0.10109898637426318 
              29.81      0.0908267399397227 
              29.88     0.09043236096556935 
              29.94      0.1060745664300999 
              30.01     0.14895373565925077 
              30.08     0.10608461835961602 
              30.15     0.22475096993403051 
              30.21      0.1579932400809271 
              30.28     0.14963923317210268 
              30.35     0.15813638050937878 
              30.42     0.18642759039612272 
              30.48     0.08997684420811188 
              30.55     0.12865546274927342 
              30.62      0.0851199862645011 
              30.68     0.07748714760665962 
              30.75      0.1521299795892138 
              30.82     0.19641592460969007 
              30.89     0.13878491052654066 
              30.95      0.2060462493037066 
              31.02     0.20539524273669107 
              31.09     0.14336664708275115 
              31.16      0.1883884767268934 
              31.23     0.24088865793476327 
              31.29     0.15289256854017746 
              31.36      0.1303809386712353 
              31.43      0.1320805115403176 
               31.5     0.11752795835643062 
              31.56     0.17228855674833363 
              31.63      0.1731353365516683 
               31.7     0.18500004208993223 
              31.76     0.15258527881208658 
              31.83     0.14620144741721258 
               31.9       0.145006102318712 
              31.97     0.22284123290957683 
              32.03     0.23991519280267662 
               32.1     0.30325578117920216 
              32.17     0.19966377839543548 
              32.24      0.1950454805562008 
              32.31     0.16094678162594955 
              32.37      0.1608286691275806 
              32.44     0.18167574853471197 
              32.51     0.17302127055078306 
              32.58     0.15209896901076314 
              32.64      0.1321282949165817 
              32.71     0.12816507577352826 
              32.78      0.1238541797110104 
              32.85     0.17711607383303138 
              32.91     0.19777205570617742 
              32.98      0.1748202706904676 
              33.05     0.21849128986028135 
              33.12      0.1944632105460577 
              33.18      0.1334839690417076 
              33.25     0.17589091277129745 
              33.32     0.20283501223896377 
              33.39      0.1267418758181223 
              33.45     0.13762946454206346 
              33.52     0.11778156220684455 
              33.59     0.08264680451433955 
              33.65      0.1149976273560251 
              33.72      0.1091952193169415 
              33.79     0.11937100765431598 
              33.86     0.12256447273764551 
              33.92     0.14083550863771582 
              33.99     0.11873329851896672 
              34.06     0.11308158999090338 
              34.13     0.13556419140455694 
              34.19     0.12296740314412162 
              34.26     0.11708525896139371 
              34.33     0.13578244021135982 
               34.4     0.10280425514782622 
              34.47      0.1291480650306092 
              34.53     0.12116314710273943 
               34.6     0.09072737763201949 
              34.67     0.11804848785664272 
              34.74     0.08203881676719772 
               34.8      0.0750229542997379 
              34.87     0.07881754456115476 
              34.94      0.0837202858133223 
              35.01     0.08260835358645775 
              35.07     0.09863954980016852 
              35.14      0.1156232462990388 
              35.21     0.08894258532487682 
              35.28     0.11647155929275646 
              35.34     0.11269795636906108 
              35.41     0.08807118653870037 
              35.48     0.09066928667892082 
              35.55      0.1233267650121201 
              35.61     0.07581933430779828 
              35.68     0.12345754767914849 
              35.75     0.09817197960936318 
              35.81      0.0664994726093654 
              35.88     0.14224835761564267 
              35.95     0.10566169301011424 
              36.02     0.11568789715724036 
              36.08     0.07355554066336342 
              36.15     0.12116963179029545 
              36.22     0.04782990651685102 
              36.29       0.076874336353392 
              36.35     0.09634292079215337 
              36.42    0.058778156028960214 
              36.49     0.11584086272717042 
              36.56      0.0799443273106456 
              36.62    0.056767104315515016 
              36.69     0.07413025294473222 
              36.76     0.03399242052954078 
              36.83    0.027612012777957627 
               36.9    0.025359239898335287 
              36.96     0.00947073556727398 
              37.03    0.007800821174282666 
               37.1    0.009626190206215529 
              37.17   0.0025301017440216875 
              37.23   0.0031735724004416993 
               37.3   0.0027605078598190455 
              37.37   0.0008622696609059857 
              37.44    0.001501286231522145 
               37.5     0.00155954106293393 
              37.57   0.0010563154270507172 
              37.64   0.0016118853648639424 
              37.71    0.002355193465302267 
              37.77   0.0005137458484538743 
              37.84   0.0011649650568738266 
              37.91  0.00034665350753332043 
              37.98  0.00013634739328739572 
              38.04   0.0002667764019599081 
              38.11   6.848142574890493e-05 
              38.18   4.124832925094744e-05 
              38.24  2.9915109182187262e-05 
              38.31  -8.560666643837105e-06 
              38.38   3.201687701693667e-05 
              38.45   5.451293225636568e-05 
              38.51  1.2383182411415218e-05 
              38.58 -1.5882215532677407e-05 
              38.65  -4.156696166472982e-05 
              38.72  -2.793516304841618e-07 
              38.78   3.828957497678369e-06 
              38.85  -5.424607397160503e-06 
              38.92 -2.4338903123526077e-06 
              38.99  -1.525753910952787e-05 
              39.06 -3.2976242607909366e-05 
              39.12  4.0376633553371145e-06 
              39.19  4.4382853163987296e-05 
              39.26 -2.5197606739779918e-05 
              39.33  -8.994824832535922e-06 
              39.39  -3.703359849185348e-05 
              39.46  7.1457375599278175e-06 
              39.53  -5.718548101979318e-07 
               39.6  -5.069200518245741e-07 
              39.66    1.47156540030082e-06 
              39.73  -6.420372700315662e-06 
               39.8  0.00011533962013039022 
              39.87  -2.883351560356767e-06 
              39.93 -2.7741201713020954e-06 
               40.0 -1.4646000793763626e-05 
