\ Text file in IPAC table format, read with astropy
\ from astropy.table import QTable
\ QTable.read('filename.tbl', format='ascii.ipac')
\ Instrument model exported from Lambda WMAP DR5
|bandpass_frequency|        bandpass_weight|
|            double|                 double|
|               GHz|                       |
|              null|                   null|
               33.0   8.211817968421408e-06 
              33.08 -2.1781432576673648e-07 
              33.17  3.4556177452854846e-05 
              33.26  -7.323452182013372e-06 
              33.34  5.6698733401806765e-05 
              33.42  -3.872537798274047e-06 
              33.51   5.624669847110957e-05 
               33.6  3.0005539995680696e-06 
              33.68  0.00010266951120872398 
              33.76   5.645509468108007e-05 
              33.85  0.00014666298070259347 
              33.94  5.5419763630503726e-05 
              34.02  0.00015587590501521688 
               34.1   8.498573266949264e-05 
              34.19  0.00010553263184164997 
              34.28  -1.936340621666097e-05 
              34.36   6.423521943122835e-05 
              34.44   3.259256255188349e-05 
              34.53   0.0001645825911887801 
              34.62   0.0002924499803488705 
               34.7   0.0009393141363403291 
              34.78   0.0009085134202875653 
              34.87    0.002068044824906528 
              34.96    0.006121739578597365 
              35.04    0.013729836031262297 
              35.12     0.03037326328259651 
              35.21    0.023582470920330167 
              35.29     0.02715169735461593 
              35.38     0.03172097488349849 
              35.47     0.04590707682407947 
              35.55     0.04917832066026297 
              35.63     0.04753873159748636 
              35.72     0.06037454472511374 
              35.81    0.044207292371740606 
              35.89     0.06833183776144316 
              35.97     0.05566150341114045 
              36.06     0.06658262111730005 
              36.15     0.06789762855103482 
              36.23     0.06812652494054494 
              36.31     0.09136983873716145 
               36.4     0.06991692206295853 
              36.49     0.07519163588553807 
              36.57     0.06289930035159967 
              36.65     0.07280550304986755 
              36.74      0.0716508116640862 
              36.83     0.07134470469883272 
              36.91     0.06096948654218172 
              36.99     0.06405292330027128 
              37.08     0.08566893652881617 
              37.17     0.07759670136651417 
              37.25      0.0892017396088616 
              37.33     0.07078434637131877 
              37.42      0.0845522953923438 
              37.51     0.08695731709252244 
              37.59     0.12198926950491842 
              37.67     0.08722244693172934 
              37.76     0.08590460531312945 
              37.85     0.09751310929000173 
              37.93     0.09259740359070442 
              38.01     0.09314371897026914 
               38.1     0.06777978694593272 
              38.19     0.06863247212475741 
              38.27    0.062169801669836114 
              38.35     0.10657713611826328 
              38.44      0.0897413085258998 
              38.53       0.111885367393737 
              38.61      0.0837005753270122 
              38.69     0.12984890490638085 
              38.78      0.1077521812152835 
              38.87     0.09947034931173006 
              38.95     0.06942975946614476 
              39.03     0.06720089848031907 
              39.12     0.07924255968082995 
              39.21     0.11328009638602989 
              39.29     0.13336833398084383 
              39.38     0.09551213223000514 
              39.46     0.09501468264642296 
              39.54     0.08751634261217284 
              39.63      0.1767307864378522 
              39.72     0.16379974177877102 
               39.8     0.22311066989975553 
              39.88      0.1442331169582655 
              39.97     0.20394734523734084 
              40.06       0.160618893851777 
              40.14     0.19786573843918515 
              40.22     0.15130845596956563 
              40.31     0.15975640439872862 
               40.4        0.15874597638947 
              40.48     0.20572043807888357 
              40.56      0.1834453775350288 
              40.65     0.15858378101190532 
              40.74     0.11901645881811336 
              40.82     0.13321470124306473 
               40.9     0.16265252176561762 
              40.99     0.19375702341750783 
              41.08      0.1785460195302481 
              41.16     0.14095269952946915 
              41.24     0.14065303041604063 
              41.33     0.15123911035460388 
              41.42      0.1578841881792741 
               41.5      0.1325729611658912 
              41.58     0.11137820698506465 
              41.67     0.09566600516574075 
              41.76     0.11494987420522403 
              41.84     0.12928025493008322 
              41.92     0.14612898591959803 
              42.01      0.1284348640652993 
               42.1     0.12440599661941447 
              42.18     0.11285485837294992 
              42.26     0.11614599582061426 
              42.35     0.11680746739518039 
              42.44      0.1232050480661596 
              42.52     0.12274996294538476 
               42.6     0.11736611269046306 
              42.69     0.10601677949296139 
              42.78     0.10930058523632728 
              42.86     0.10893189885311245 
              42.94     0.10187226592742799 
              43.03     0.08626043220331672 
              43.12     0.07592498701569697 
               43.2     0.07142121680523841 
              43.28     0.08197230976635587 
              43.37     0.10067810730067368 
              43.46     0.11915452126173587 
              43.54     0.11667994054048801 
              43.62     0.09811005491843108 
              43.71     0.10174131232306649 
               43.8     0.08762972958022612 
              43.88     0.08336466601385875 
              43.97     0.06606464744430254 
              44.05     0.07350759919796997 
              44.13     0.06878445587975643 
              44.22     0.08535820958314311 
              44.31    0.061882395201894716 
              44.39     0.06317447253896841 
              44.47    0.048749443840484304 
              44.56     0.06021530962957879 
              44.65    0.046088562016289886 
              44.73     0.04616407542058899 
              44.81     0.03346671296456015 
               44.9    0.033447017156954834 
              44.99    0.026892795053568785 
              45.07    0.022296583596913222 
              45.15    0.015148232334806298 
              45.24    0.013320284162531209 
              45.33    0.012583668276198983 
              45.41    0.012777943667188783 
              45.49    0.013038590292661113 
              45.58    0.011938649395308979 
              45.67    0.009706229227550357 
              45.75     0.00721226401913075 
              45.83    0.005042948768839938 
              45.92    0.003713753368893179 
              46.01    0.003334238932836799 
              46.09    0.003191334837825168 
              46.17   0.0035645658217577036 
              46.26    0.003192710111304815 
              46.35    0.002174545679913658 
              46.43   0.0013992592151266827 
              46.51   0.0010839271177585535 
               46.6    0.000691812211043026 
              46.69   0.0006668121153924248 
              46.77   0.0004846777759284377 
              46.85  0.00047834019211020833 
              46.94   0.0004150201313664128 
              47.03   0.0004132807173796355 
              47.11   0.0003308014788727297 
              47.19  0.00017776517060915682 
              47.28   0.0002458058284771867 
              47.37     6.4459063110442e-05 
              47.45   8.898952262241319e-05 
              47.53   -2.55241194274509e-05 
              47.62  3.4795070831662125e-05 
              47.71 -2.1236804285558114e-05 
              47.79   2.316722773521257e-05 
              47.88 -3.5126686153588803e-05 
              47.96  1.7426252930396824e-05 
              48.05    -2.5023987729434e-05 
              48.13   5.959703151469759e-06 
              48.22  -7.895907233972202e-06 
               48.3   7.089404551960015e-05 
              48.38  -5.589592465061336e-06 
              48.47  4.4586367703700594e-05 
              48.56  -5.357888652607476e-06 
              48.64   6.261749721954989e-05 
              48.72 -1.1491887412800904e-05 
              48.81  2.5898544684613502e-05 
               48.9  1.1833895219503396e-05 
              48.98   7.072919514433238e-05 
              49.06  1.2106748345383985e-05 
              49.15   5.805608071669115e-05 
              49.24  4.7797122553963287e-08 
              49.32    3.09397003488656e-05 
               49.4   3.967825244352006e-07 
              49.49  3.0923616313150344e-05 
              49.58  -9.679899283989614e-07 
              49.66 -1.5878329603323706e-05 
              49.74  2.3266812315782307e-05 
              49.83 -3.5335691092670924e-05 
              49.92  -2.825289569770891e-05 
               50.0  -4.818250819459878e-05 
