\ Text file in IPAC table format, read with astropy
\ from astropy.table import QTable
\ QTable.read('filename.tbl', format='ascii.ipac')
\ Instrument model exported from Lambda WMAP DR5
|bandpass_frequency|        bandpass_weight|
|            double|                 double|
|               GHz|                       |
|              null|                   null|
               75.0   6.451921259019628e-06 
              75.18   6.676915009983771e-06 
              75.35  6.3651279016316525e-06 
              75.53    6.95057424561108e-06 
               75.7   1.059865149693002e-05 
              75.88   8.370981274886115e-06 
              76.05  1.2902822628856091e-05 
              76.22   2.096925400580614e-05 
               76.4  1.3310367558030502e-05 
              76.57  1.0972067027295817e-05 
              76.75  1.1241640126197532e-05 
              76.93   1.903502617610655e-05 
               77.1  2.3715605839331308e-05 
              77.28  2.3981685007744683e-05 
              77.45  2.9228925812725303e-05 
              77.62  2.5759122197963667e-05 
               77.8  2.6217748302148253e-05 
              77.97  2.9168255922326807e-05 
              78.15  1.9043804797076282e-05 
              78.32   1.575833963790704e-05 
               78.5   4.151478499091019e-05 
              78.68   4.729648315920901e-05 
              78.85   5.969086020307685e-05 
              79.03   3.573622386027191e-05 
               79.2  3.1120098494004036e-05 
              79.38  -3.306131368817839e-07 
              79.55  1.6654994005677315e-05 
              79.72  1.4327530875116667e-05 
               79.9   8.833965146527855e-06 
              80.07  2.4366601270674502e-05 
              80.25   5.810436056835363e-05 
              80.43    7.12510132385029e-05 
               80.6   9.019670210095602e-05 
              80.78  0.00021562491147571967 
              80.95   0.0003192397704019772 
              81.12  0.00022991083350500067 
               81.3   0.0002047927751592814 
              81.47   0.0003052319189997893 
              81.65  0.00038834278784097753 
              81.82   0.0006344648657221456 
               82.0   0.0012785324585463912 
              82.18    0.001694419155797858 
              82.35   0.0018907025179975912 
              82.53    0.003152259076897715 
               82.7    0.006264128667175578 
              82.88    0.009891964258319426 
              83.05     0.01352963743658743 
              83.22    0.014493739521058325 
               83.4    0.017827660461366947 
              83.57    0.019534470700379402 
              83.75    0.017685752460380597 
              83.93      0.0182213510375821 
               84.1     0.02048590697025701 
              84.28    0.025534199937457296 
              84.45    0.027023233503213884 
              84.62    0.027573113229080893 
               84.8    0.025683380872215854 
              84.97    0.030793885849770823 
              85.15    0.038434882040158574 
              85.32     0.03547084174294579 
               85.5     0.04007620489727882 
              85.68     0.04819960917660792 
              85.85     0.04762619177987882 
              86.03     0.05156008698473513 
               86.2     0.05971895724242533 
              86.38    0.061269982439134826 
              86.55     0.06276829423580046 
              86.72     0.07214211429021233 
               86.9     0.06843807414145196 
              87.07    0.061075562464638855 
              87.25    0.053848554436606605 
              87.43     0.03908101174479074 
               87.6      0.0408865901071226 
              87.78    0.053976423066989465 
              87.95     0.06294758668008116 
              88.12    0.062482643283161124 
               88.3     0.06171185295459746 
              88.47     0.06181067455922787 
              88.65     0.05453762521926778 
              88.82       0.061490544902356 
               89.0     0.07197359690600545 
              89.18     0.05447888668909697 
              89.35    0.050382642356917584 
              89.53     0.05445861336537815 
               89.7     0.05728114999283139 
              89.88     0.06146995421033613 
              90.05     0.06950106099399013 
              90.22     0.08026757643775158 
               90.4     0.09390747675138297 
              90.57     0.10173471744981818 
              90.75     0.09519073498514162 
              90.93     0.08475211544190178 
               91.1     0.08473007698789836 
              91.28     0.09933630852640804 
              91.45     0.10311597720369062 
              91.62     0.09881825086123482 
               91.8      0.0975959173197527 
              91.97     0.09441941058615097 
              92.15     0.08138110926910479 
              92.32      0.0721796186305902 
               92.5     0.06152834200024209 
              92.68     0.06262663474917117 
              92.85     0.05939194442751034 
              93.03    0.057014198928441354 
               93.2     0.05300754182916361 
              93.38     0.05738500644571061 
              93.55    0.054503897123550187 
              93.72     0.05586650641387515 
               93.9    0.057064846741492446 
              94.07     0.05950434987018577 
              94.25     0.05241071929688236 
              94.43     0.04779730058811986 
               94.6     0.04276171401382273 
              94.78    0.038697144721953666 
              94.95     0.03250475158660172 
              95.12     0.03140387110606764 
               95.3     0.03402008183108879 
              95.47     0.03947844384635636 
              95.65      0.0452118188976654 
              95.82     0.04839548563107935 
               96.0    0.047982548752199525 
              96.18    0.048108627066045344 
              96.35     0.04876995807987485 
              96.53    0.043586998379289595 
               96.7     0.04114012703057407 
              96.88     0.04073683804107222 
              97.05     0.03937224669511728 
              97.22    0.035646162962077614 
               97.4     0.03569545896399021 
              97.57     0.03647611394901174 
              97.75     0.03684420766327691 
              97.93     0.03678482875407035 
               98.1     0.03730378668464757 
              98.28    0.039079170675250845 
              98.45     0.04098859529031139 
              98.62     0.04162400401996505 
               98.8     0.04028641655913003 
              98.97     0.03734540599083749 
              99.15     0.03708265726232657 
              99.32     0.03635815396318613 
               99.5     0.03245342157706755 
              99.68    0.029085146583868755 
              99.85    0.029357821974888728 
              100.0     0.02517751474651063 
              100.2    0.019586150201193576 
              100.4    0.021205153750994934 
              100.6     0.02481146218302753 
              100.7    0.028352664657011206 
              100.9    0.029250354299889043 
              101.1    0.029773316460156643 
              101.2      0.0320788516722581 
              101.4     0.03360970534000528 
              101.6     0.03555469487084564 
              101.8    0.031614069821605716 
              101.9    0.026175684335406606 
              102.1    0.024773615241728955 
              102.3    0.029573239012150376 
              102.5     0.03620881232965387 
              102.7     0.03470509189819769 
              102.8    0.033156156285156314 
              103.0     0.03168215617852494 
              103.2     0.03069398360928257 
              103.3    0.026979446606763786 
              103.5    0.023070814309163384 
              103.7    0.018836478950861983 
              103.9     0.01590717478354033 
              104.1    0.014068699886786004 
              104.2    0.012264487297461253 
              104.4    0.009917849799638539 
              104.6    0.010174372103753942 
              104.8    0.009815982874820288 
              104.9    0.008989769827901966 
              105.1   0.0077094728240027326 
              105.3    0.005810258803036169 
              105.4    0.004496995084482005 
              105.6    0.004008668413402932 
              105.8    0.003392964713027567 
              106.0    0.002658838313929919 
              106.2   0.0019014998947669828 
              106.3   0.0011605556048260275 
              106.5   0.0007107702803626243 
              106.7   0.0004930903187397221 
              106.8  0.00031449276693908243 
              107.0  0.00024405165367116877 
              107.2  0.00012938799448747933 
              107.4  0.00012314777412636738 
              107.6   0.0001657142869077434 
              107.7  0.00012831891911805135 
              107.9  0.00011369890172696567 
              108.1    7.31738425955166e-05 
              108.2  3.0209614358801372e-05 
              108.4   8.559422032765049e-06 
              108.6  -4.870755729817932e-07 
              108.8  2.5972540219869043e-07 
              108.9  1.1914452433074535e-05 
              109.1 -1.5463020104032843e-06 
              109.3   7.538281879300302e-06 
              109.5   8.332969928912046e-06 
              109.7   1.353992495668453e-05 
              109.8  -9.171504208942257e-07 
              110.0                     0.0 
