\ Text file in IPAC table format, read with astropy
\ from astropy.table import QTable
\ QTable.read('filename.tbl', format='ascii.ipac')
\ Instrument model exported from Lambda WMAP DR5
|   ell|                    B|
|double|               double|
|      |                     |
|  null|                 null|
    0.0                   1.0 
    1.0    0.9999829477907828 
    2.0    0.9999488508722204 
    3.0    0.9998977142442278 
    4.0    0.9998295679062933 
    5.0    0.9997444243582035 
    6.0    0.9996423210993194 
    7.0    0.9995232831292143 
    8.0    0.9993873604470359 
    9.0    0.9992345905521446 
   10.0    0.9990650309435598 
   11.0    0.9988787341203864 
   12.0    0.9986757675814733 
   13.0    0.9984561963257121 
   14.0     0.998220095351824 
   15.0    0.9979675421584873 
   16.0    0.9976986192442953 
   17.0    0.9974134116077985 
   18.0    0.9971120117474196 
   19.0    0.9967945246613682 
   20.0    0.9964610503479389 
   21.0    0.9961116913053839 
   22.0    0.9957465650316998 
   23.0    0.9953657690252237 
   24.0    0.9949694457835258 
   25.0    0.9945577028047727 
   26.0    0.9941306800865778 
   27.0    0.9936884926269794 
   28.0    0.9932312779236331 
   29.0    0.9927591809740662 
   30.0    0.9922723317760623 
   31.0    0.9917708678272763 
   32.0    0.9912549466250226 
   33.0    0.9907247181667433 
   34.0    0.9901803199500939 
   35.0    0.9896219119723462 
   36.0    0.9890496442309417 
   37.0    0.9884636767231526 
   38.0    0.9878641594464209 
   39.0    0.9872512673977627 
   40.0     0.986625145574705 
   41.0    0.9859859614743919 
   42.0    0.9853338775940523 
   43.0    0.9846690514310005 
   44.0    0.9839916579822522 
   45.0    0.9833018522451646 
   46.0    0.9825997992169238 
   47.0    0.9818856788944607 
   48.0    0.9811596312753876 
   49.0    0.9804218413565502 
   50.0    0.9796724641353053 
   51.0    0.9789116696087539 
   52.0    0.9781396077743383 
   53.0    0.9773564561290318 
   54.0    0.9765623746701058 
   55.0    0.9757575233948323 
   56.0    0.9749420523006531 
   57.0    0.9741161363845843 
   58.0    0.9732799156442384 
   59.0     0.972433555076802 
   60.0    0.9715772146795466 
   61.0    0.9707110394499997 
   62.0    0.9698351818855608 
   63.0    0.9689497944836295 
   64.0    0.9680550147418611 
   65.0    0.9671510051574845 
   66.0    0.9662379057281126 
   67.0    0.9653158489514858 
   68.0    0.9643849748252168 
   69.0    0.9634454258468758 
   70.0    0.9624973495139475 
   71.0    0.9615408633244281 
   72.0    0.9605760997760586 
   73.0    0.9596031938665366 
   74.0    0.9586222730936881 
   75.0    0.9576334599554241 
   76.0     0.956636871949741 
   77.0    0.9556326390744223 
   78.0     0.954620873827549 
   79.0    0.9536016937071181 
   80.0    0.9525752112112107 
   81.0    0.9515415363379516 
   82.0    0.9505007840853794 
   83.0    0.9494530594517037 
   84.0    0.9483984624352193 
   85.0    0.9473371080339653 
   86.0    0.9462690937462789 
   87.0    0.9451945145705403 
   88.0    0.9441134630051721 
   89.0    0.9430260515482559 
   90.0    0.9419323601984277 
   91.0    0.9408324889539821 
   92.0    0.9397265228134697 
   93.0    0.9386145592752279 
   94.0    0.9374966808378499 
   95.0    0.9363729674999717 
   96.0    0.9352435117600156 
   97.0    0.9341083961165751 
   98.0    0.9329677080681581 
   99.0    0.9318215226134855 
  100.0    0.9306699147512786 
  101.0    0.9295129719800452 
  102.0    0.9283507667985492 
  103.0    0.9271833817053834 
  104.0    0.9260108916992692 
  105.0    0.9248333717789278 
  106.0    0.9236508919431651 
  107.0    0.9224635396904894 
  108.0    0.9212713675200054 
  109.0    0.9200744629302208 
  110.0    0.9188728959199423 
  111.0    0.9176667389879334 
  112.0    0.9164560721328299 
  113.0    0.9152409478537366 
  114.0    0.9140214611490337 
  115.0    0.9127976570179535 
  116.0    0.9115696279589193 
  117.0    0.9103374439707366 
  118.0    0.9091011725522551 
  119.0     0.907860873702451 
  120.0    0.9066166299199182 
  121.0    0.9053685087035053 
  122.0     0.904116590051848 
  123.0     0.902860936463881 
  124.0    0.9016016229383248 
  125.0    0.9003387194739861 
  126.0    0.8990723060695006 
  127.0    0.8978024452238027 
  128.0    0.8965292119356134 
  129.0     0.895252683703611 
  130.0    0.8939729280266449 
  131.0     0.892690029903265 
  132.0    0.8914040493324487 
  133.0    0.8901150638128742 
  134.0    0.8888231533431776 
  135.0    0.8875283854222076 
  136.0       0.8862308400486 
  137.0    0.8849305972209909 
  138.0    0.8836277144383994 
  139.0     0.882322286699206 
  140.0     0.881014379002302 
  141.0    0.8797040638464512 
  142.0    0.8783914262302042 
  143.0    0.8770765386523245 
  144.0    0.8757594736115764 
  145.0    0.8744403111065948 
  146.0    0.8731191311360164 
  147.0    0.8717959986987321 
  148.0    0.8704709987932929 
  149.0    0.8691442064184199 
  150.0     0.867815689072962 
  151.0    0.8664855367553843 
  152.0    0.8651538069647068 
  153.0    0.8638205921993514 
  154.0    0.8624859474583809 
  155.0    0.8611499677401752 
  156.0    0.8598127080437961 
  157.0    0.8584742608676665 
  158.0    0.8571346887107207 
  159.0    0.8557940615717651 
  160.0    0.8544524544495203 
  161.0     0.853109934842836 
  162.0    0.8517665802503902 
  163.0    0.8504224606709893 
  164.0     0.849077641103525 
  165.0    0.8477321965467184 
  166.0    0.8463861844995887 
  167.0    0.8450396774608999 
  168.0    0.8436927404295438 
  169.0    0.8423454384044116 
  170.0    0.8409978413843098 
  171.0    0.8396500043683005 
  172.0    0.8383019948552327 
  173.0    0.8369538653442111 
  174.0    0.8356056908339571 
  175.0     0.834257523823575 
  176.0    0.8329094193121273 
  177.0    0.8315614422985051 
  178.0    0.8302136377819417 
  179.0    0.8288660657614135 
  180.0    0.8275187812359829 
  181.0    0.8261718417046694 
  182.0    0.8248252896667478 
  183.0    0.8234791826212384 
  184.0     0.822133565567373 
  185.0    0.8207884860043424 
  186.0    0.8194439889313787 
  187.0    0.8181001293475442 
  188.0    0.8167569422522423 
  189.0    0.8154144626448756 
  190.0    0.8140727605242511 
  191.0    0.8127318483901552 
  192.0    0.8113917837416077 
  193.0     0.810052604077969 
  194.0    0.8087143393987274 
  195.0    0.8073770247032861 
  196.0    0.8060407024909207 
  197.0    0.8047054052610767 
  198.0    0.8033711605132853 
  199.0    0.8020380082468643 
  200.0    0.8007059709614301 
  201.0    0.7993750886563007 
  202.0     0.798045383831092 
  203.0    0.7967168764854637 
  204.0    0.7953896116186479 
  205.0    0.7940636067303461 
  206.0     0.792738884320175 
  207.0    0.7914154768875803 
  208.0    0.7900933869325193 
  209.0    0.7887726569542672 
  210.0    0.7874533044525258 
  211.0    0.7861353444270391 
  212.0    0.7848187993774235 
  213.0    0.7835036943032527 
  214.0     0.782190036704399 
  215.0    0.7808778590803079 
  216.0    0.7795671639309371 
  217.0    0.7782579687559877 
  218.0    0.7769503010549913 
  219.0    0.7756441583279899 
  220.0    0.7743395730744301 
  221.0    0.7730365452943113 
  222.0    0.7717350899873778 
  223.0    0.7704352246533316 
  224.0    0.7691369567920443 
  225.0    0.7678402989033029 
  226.0    0.7665452659868517 
  227.0    0.7652518555427333 
  228.0    0.7639600950704787 
  229.0    0.7626699720703012 
  230.0    0.7613815165416891 
  231.0    0.7600947234847276 
  232.0    0.7588096103991187 
  233.0    0.7575261772848618 
  234.0    0.7562444266419146 
  235.0    0.7549643734700214 
  236.0    0.7536860202691393 
  237.0    0.7524093745391406 
  238.0    0.7511344362800254 
  239.0    0.7498612129916654 
  240.0    0.7485897121739331 
  241.0    0.7473199438266578 
  242.0    0.7460518879501807 
  243.0    0.7447855670441179 
  244.0    0.7435209811084695 
  245.0    0.7422581251433209 
  246.0    0.7409970091485015 
  247.0    0.7397376306240537 
  248.0    0.7384799945698926 
  249.0    0.7372240984860604 
  250.0    0.7359699373726429 
  251.0    0.7347175237294266 
  252.0    0.7334668450566247 
  253.0    0.7322179038541945 
  254.0    0.7309707026220935 
  255.0    0.7297252388603642 
  256.0    0.7284815125690068 
  257.0    0.7272395162481491 
  258.0    0.7259992548977058 
  259.0    0.7247607085180179 
  260.0    0.7235238996087019 
  261.0    0.7222887956703119 
  262.0    0.7210554192024641 
  263.0     0.719823752705457 
  264.0    0.7185937936793332 
  265.0    0.7173655346242207 
  266.0    0.7161389705402048 
  267.0    0.7149141014272853 
  268.0    0.7136909172856329 
  269.0    0.7124694131153329 
  270.0    0.7112495789165555 
  271.0    0.7100314171892582 
  272.0    0.7088149079337824 
  273.0    0.7076000686498294 
  274.0    0.7063868618380384 
  275.0    0.7051752949982819 
  276.0    0.7039653631306452 
  277.0    0.7027570487354264 
  278.0    0.7015503618124552 
  279.0    0.7003452698622857 
  280.0    0.6991417903846194 
  281.0    0.6979398958799254 
  282.0    0.6967395913481184 
  283.0    0.6955408617894543 
  284.0    0.6943436972041034 
  285.0    0.6931481000920232 
  286.0    0.6919540554534694 
  287.0    0.6907615507886551 
  288.0    0.6895705910974953 
  289.0     0.688381163880203 
  290.0    0.6871932566369912 
  291.0    0.6860068668679026 
  292.0    0.6848219870730654 
  293.0    0.6836386172524792 
  294.0    0.6824567449063575 
  295.0    0.6812763650347852 
  296.0    0.6800974701378905 
  297.0    0.6789200652155879 
  298.0    0.6777441327681759 
  299.0    0.6765696727956545 
  300.0    0.6753966902979386 
  301.0    0.6742251777751559 
  302.0    0.6730551327273492 
  303.0    0.6718865451546888 
  304.0    0.6707194275569616 
  305.0    0.6695537699343381 
  306.0    0.6683895772867332 
  307.0    0.6672268471141896 
  308.0    0.6660655869165791 
  309.0    0.6649058016938166 
  310.0    0.6637474789461152 
  311.0    0.6625906286733045 
  312.0    0.6614352658751286 
  313.0    0.6602813855516728 
  314.0    0.6591289952028092 
  315.0    0.6579781048283674 
  316.0    0.6568287244281767 
  317.0    0.6556808540022371 
  318.0    0.6545345110502503 
  319.0    0.6533897055720458 
  320.0    0.6522464450674954 
  321.0     0.651104739536429 
  322.0    0.6499646114784627 
  323.0     0.648826070893426 
  324.0    0.6476891252811912 
  325.0    0.6465537921414595 
  326.0    0.6454200889739327 
  327.0    0.6442880432781419 
  328.0    0.6431576575540444 
  329.0    0.6420289593011715 
  330.0    0.6409019585193523 
  331.0    0.6397766902079902 
  332.0    0.6386531593669998 
  333.0    0.6375314009957844 
  334.0    0.6364114250941736 
  335.0    0.6352932641616129 
  336.0    0.6341769331978465 
  337.0    0.6330624622023633 
  338.0    0.6319498736747792 
  339.0    0.6308391926146679 
  340.0    0.6297304365217312 
  341.0    0.6286236428953296 
  342.0    0.6275188342350791 
  343.0    0.6264160305406392 
  344.0    0.6253152643114553 
  345.0    0.6242165580471438 
  346.0    0.6231199442471508 
  347.0    0.6220254429111347 
  348.0    0.6209330865385418 
  349.0    0.6198429001289455 
  350.0    0.6187549086819196 
  351.0    0.6176691396969953 
  352.0     0.616585618173746 
  353.0    0.6155043791115752 
  354.0    0.6144254425101416 
  355.0    0.6133488308690616 
  356.0    0.6122745741878236 
  357.0    0.6112027024659162 
  358.0    0.6101332257031687 
  359.0    0.6090661788989844 
  360.0    0.6080015870529368 
  361.0    0.6069394676647276 
  362.0    0.6058798457339305 
  363.0    0.6048227362602898 
  364.0    0.6037681742432086 
  365.0    0.6027161646826017 
  366.0    0.6016667300780852 
  367.0    0.6006198979291906 
  368.0    0.5995756757357895 
  369.0    0.5985340884974558 
  370.0    0.5974951337142322 
  371.0    0.5964588463855219 
  372.0    0.5954252240113674 
  373.0    0.5943942890913853 
  374.0    0.5933660416255752 
  375.0    0.5923405041135535 
  376.0    0.5913176740553632 
  377.0    0.5902975614508333 
  378.0    0.5892801687999215 
  379.0    0.5882655036024997 
  380.0    0.5872535683585256 
  381.0    0.5862443730678283 
  382.0    0.5852379077305784 
  383.0    0.5842341698468188 
  384.0     0.583233159416549 
  385.0    0.5822348689398974 
  386.0    0.5812393084166932 
  387.0    0.5802464603472349 
  388.0    0.5792563072318209 
  389.0    0.5782688565703232 
  390.0    0.5772840908630406 
  391.0    0.5763019951102284 
  392.0     0.575322564311972 
  393.0    0.5743457709687405 
  394.0    0.5733716100806191 
  395.0    0.5724000641479061 
  396.0    0.5714311031711131 
  397.0    0.5704647196503682 
  398.0    0.5695008935860122 
  399.0    0.5685395899786418 
  400.0       0.5675808063283 
  401.0    0.5666244926358394 
  402.0    0.5656706489012595 
  403.0    0.5647192276253709 
  404.0    0.5637702163083863 
  405.0    0.5628235849508176 
  406.0    0.5618792985532614 
  407.0    0.5609373296161866 
  408.0    0.5599976531400198 
  409.0    0.5590602341253575 
  410.0    0.5581250375727967 
  411.0    0.5571920359828064 
  412.0    0.5562611943559832 
  413.0    0.5553324751929666 
  414.0    0.5544058559941406 
  415.0     0.553481296760187 
  416.0    0.5525587624917027 
  417.0    0.5516382106894122 
  418.0    0.5507196188536995 
  419.0    0.5498029519851613 
  420.0    0.5488881625846075 
  421.0    0.5479752256524645 
  422.0    0.5470641061893291 
  423.0    0.5461547666958408 
  424.0    0.5452471671726817 
  425.0    0.5443412826202781 
  426.0    0.5434370630394825 
  427.0    0.5425344984304655 
  428.0    0.5416335412940371 
  429.0    0.5407341591307514 
  430.0    0.5398363119412907 
  431.0    0.5389399847259104 
  432.0    0.5380451274854635 
  433.0    0.5371517227202484 
  434.0    0.5362597354308615 
  435.0    0.5353691281179428 
  436.0    0.5344798857817477 
  437.0    0.5335919759228305 
  438.0    0.5327053685417029 
  439.0    0.5318200361388338 
  440.0    0.5309359562146065 
  441.0     0.530053103769448 
  442.0     0.529171453803784 
  443.0    0.5282909888179131 
  444.0    0.5274116788123471 
  445.0     0.526533506287384 
  446.0    0.5256564562432798 
  447.0    0.5247805036804609 
  448.0    0.5239056335991831 
  449.0    0.5230318334996591 
  450.0     0.522159085882188 
  451.0    0.5212873707471103 
  452.0    0.5204166880944263 
  453.0    0.5195470204244341 
  454.0    0.5186783477374751 
  455.0    0.5178106725335065 
  456.0    0.5169439823127416 
  457.0    0.5160782645753933 
  458.0    0.5152135243213766 
  459.0    0.5143497515508617 
  460.0    0.5134869362640193 
  461.0    0.5126250859607216 
  462.0    0.5117641856412242 
  463.0    0.5109042428053995 
  464.0    0.5100452599532047 
  465.0    0.5091872320847249 
  466.0     0.508330171699747 
  467.0     0.507474063798527 
  468.0    0.5066189333806385 
  469.0    0.5057647679462945 
  470.0    0.5049115824952395 
  471.0    0.5040593845273453 
  472.0    0.5032081715426547 
  473.0     0.502357966040784 
  474.0    0.5015087680217333 
  475.0    0.5006605774855024 
  476.0    0.4998134244315799 
  477.0    0.4989673088599656 
  478.0     0.498122245770404 
  479.0    0.4972782451627244 
  480.0    0.4964353120368415 
  481.0    0.4955934763922438 
  482.0   0.49475273572897394 
  483.0   0.49391311254664827 
  484.0    0.4930746093452241 
  485.0   0.49223725362423254 
  486.0    0.4914010578834604 
  487.0    0.4905660346226946 
  488.0    0.4897321913418071 
  489.0   0.48889955304037175 
  490.0   0.48806813471813265 
  491.0   0.48723794887487676 
  492.0   0.48640901051034824 
  493.0    0.4855813321243339 
  494.0    0.4847549337164928 
  495.0   0.48392983528648376 
  496.0   0.48310603933426427 
  497.0   0.48228356585949317 
  498.0    0.4814624323618721 
  499.0    0.4806426488412306 
  500.0    0.4798242402971423 
  501.0    0.4790072067296072 
  502.0   0.47819157063824164 
  503.0    0.4773773445228325 
  504.0    0.4765645358832518 
  505.0   0.47575317221903074 
  506.0   0.47494324853025444 
  507.0   0.47413478481658183 
  508.0    0.4733277960777574 
  509.0   0.47252228731369555 
  510.0    0.4717182710241833 
  511.0    0.4709157672088797 
  512.0    0.4701147683679124 
  513.0   0.46931529200098315 
  514.0    0.4685173531078361 
  515.0   0.46772095168847133 
  516.0   0.46692610024267556 
  517.0   0.46613279877044894 
  518.0    0.4653410747713224 
  519.0   0.46455091074559446 
  520.0    0.4637623216930093 
  521.0    0.4629753076135669 
  522.0    0.4621898860069688 
  523.0    0.4614060593731725 
  524.0   0.46062382271226315 
  525.0    0.4598431785241982 
  526.0    0.4590641343088497 
  527.0    0.4582866875662603 
  528.0   0.45751085329617414 
  529.0   0.45673661899880447 
  530.0    0.4559639896740661 
  531.0    0.4551929653219588 
  532.0   0.45442354844244015 
  533.0    0.4536557290356806 
  534.0   0.45288952210142436 
  535.0   0.45212491763984197 
  536.0   0.45136190815106125 
  537.0    0.4506005036349117 
  538.0    0.4498406865916919 
  539.0     0.449082459521359 
  540.0   0.44832582492387046 
  541.0   0.44757078779914106 
  542.0   0.44681731564772487 
  543.0   0.44606542596932364 
  544.0    0.4453151062641504 
  545.0   0.44456635903216263 
  546.0    0.4438191667736585 
  547.0     0.443073526988681 
  548.0   0.44232944467714463 
  549.0    0.4415869048393051 
  550.0    0.4408459049752054 
  551.0    0.4401064325850584 
  552.0   0.43936849016882135 
  553.0    0.4386320652267077 
  554.0   0.43789714775888783 
  555.0   0.43716373776536166 
  556.0    0.4364318202463852 
  557.0   0.43570140020187303 
  558.0    0.4349724601321236 
  559.0   0.43424499753717943 
  560.0   0.43351900241721125 
  561.0   0.43279446727234683 
  562.0   0.43207138460271405 
  563.0   0.43134974690844086 
  564.0    0.4306295516895698 
  565.0    0.4299107814463994 
  566.0    0.4291934361789295 
  567.0    0.4284775133872029 
  568.0    0.4277629905716032 
  569.0   0.42704986523217314 
  570.0   0.42633814736874204 
  571.0    0.4256278019819067 
  572.0    0.4249188415714541 
  573.0    0.4242112511376399 
  574.0   0.42350501818067743 
  575.0   0.42280015020043865 
  576.0    0.4220966271972647 
  577.0   0.42139444917115554 
  578.0    0.4206936036223242 
  579.0   0.41999409055077086 
  580.0   0.41929589745670864 
  581.0    0.4185990218401801 
  582.0   0.41790344870144097 
  583.0   0.41720918304040616 
  584.0   0.41651621485724616 
  585.0     0.415824531652174 
  586.0   0.41513413592514714 
  587.0     0.414445017676336 
  588.0    0.4137571669059113 
  589.0   0.41307058611383024 
  590.0   0.41238526530026337 
  591.0   0.41170119446538134 
  592.0    0.4110183811090561 
  593.0   0.41033680023171404 
  594.0   0.40965646933305666 
  595.0    0.4089773684134251 
  596.0    0.4082994924729046 
  597.0    0.4076228365115803 
  598.0    0.4069474030294098 
  599.0    0.4062731820265635 
  600.0   0.40560016850312663 
  601.0    0.4049283649590565 
  602.0   0.40425775639460904 
  603.0    0.4035883453097416 
  604.0   0.40292012420458206 
  605.0   0.40225308557925815 
  606.0    0.4015872419335569 
  607.0    0.4009225732678193 
  608.0   0.40025907208217326 
  609.0    0.3995967483764483 
  610.0   0.39893559715072957 
  611.0   0.39827560340527285 
  612.0    0.3976167696400356 
  613.0   0.39695910335489004 
  614.0    0.3963025770503048 
  615.0   0.39564721572585376 
  616.0   0.39499300188183534 
  617.0    0.3943399230184627 
  618.0      0.39368799413548 
  619.0    0.3930372077330151 
  620.0   0.39238754881132387 
  621.0   0.39173903737006527 
  622.0    0.3910916534095802 
  623.0   0.39044539692986885 
  624.0    0.3898002704308885 
  625.0   0.38915626891272437 
  626.0   0.38851338737546176 
  627.0   0.38787163581893014 
  628.0    0.3872310067432575 
  629.0    0.3865914876486568 
  630.0    0.3859530910349151 
  631.0    0.3853158119021175 
  632.0   0.38467964525034937 
  633.0   0.38404459107961053 
  634.0   0.38341065188985857 
  635.0   0.38277782518113607 
  636.0    0.3821461134534003 
  637.0    0.3815155067068219 
  638.0    0.3808860049414007 
  639.0    0.3802576256568385 
  640.0    0.3796303538533909 
  641.0    0.3790041870311006 
  642.0    0.3783791376897545 
  643.0   0.37775519082960834 
  644.0   0.37713236395036376 
  645.0    0.3765106345524043 
  646.0    0.3758900276353037 
  647.0   0.37527053069927524 
  648.0    0.3746521462442762 
  649.0   0.37403488677009333 
  650.0   0.37341873727698255 
  651.0   0.37280370026490117 
  652.0   0.37218979073359354 
  653.0    0.3715769936833152 
  654.0    0.3709653241138105 
  655.0   0.37035477452520743 
  656.0   0.36974535741729264 
  657.0   0.36913706779015143 
  658.0    0.3685299081437413 
  659.0   0.36792388597793435 
  660.0    0.3673189987927731 
  661.0   0.36671525158817225 
  662.0   0.36611264436413193 
  663.0   0.36551118462052423 
  664.0   0.36491086985739174 
  665.0    0.3643117100745639 
  666.0    0.3637137027720835 
  667.0    0.3631168604497371 
  668.0    0.3625211706077382 
  669.0   0.36192664824583076 
  670.0    0.3613332908640576 
  671.0    0.3607411209620347 
  672.0   0.36015011604014624 
  673.0   0.35956029359809344 
  674.0   0.35897165863579106 
  675.0   0.35838420865328197 
  676.0     0.357797951150438 
  677.0    0.3572128886272166 
  678.0   0.35662903608336216 
  679.0   0.35604638351904505 
  680.0    0.3554649384341373 
  681.0    0.3548847183283407 
  682.0    0.3543057032019961 
  683.0      0.35372791555472 
  684.0   0.35315135788646956 
  685.0   0.35257602769728763 
  686.0   0.35200192748713155 
  687.0    0.3514290747557027 
  688.0   0.35085747200295864 
  689.0    0.3502871067291125 
  690.0    0.3497180014337805 
  691.0     0.349150143617176 
  692.0   0.34858355577891503 
  693.0    0.3480182204192963 
  694.0   0.34745416003793594 
  695.0    0.3468913771347914 
  696.0   0.34632986171003316 
  697.0   0.34576963876323497 
  698.0   0.34521069079469524 
  699.0    0.3446530278042433 
  700.0    0.3440966572917515 
  701.0    0.3435415867570918 
  702.0    0.3429878037004774 
  703.0   0.34243532562160983 
  704.0    0.3418841475205744 
  705.0   0.34133427689724316 
  706.0    0.3407857237514457 
  707.0    0.3402384680835229 
  708.0    0.3396925323930914 
  709.0    0.3391479166801508 
  710.0   0.33860460844491447 
  711.0    0.3380626301869987 
  712.0    0.3375219694066167 
  713.0   0.33698263360364045 
  714.0    0.3364446227780701 
  715.0   0.33590793942986286 
  716.0   0.33537258355901883 
  717.0   0.33483855516553807 
  718.0   0.33430585674937774 
  719.0    0.3337744833106233 
  720.0    0.3332444523489763 
  721.0    0.3327157463647351 
  722.0   0.33218837035781446 
  723.0   0.33166232682817176 
  724.0    0.3311376182757643 
  725.0    0.3306142397006775 
  726.0   0.33009219110291116 
  727.0    0.3295714724824655 
  728.0    0.3290520863392977 
  729.0   0.32853401767366364 
  730.0   0.32801728148530745 
  731.0    0.3275018727743145 
  732.0   0.32698779404064204 
  733.0   0.32647503028454605 
  734.0   0.32596359650577056 
  735.0   0.32545347770457145 
  736.0   0.32494467138099126 
  737.0   0.32443717753503004 
  738.0   0.32393100116660256 
  739.0   0.32342613477583665 
  740.0    0.3229225808626898 
  741.0   0.32242031942750293 
  742.0     0.321919370469935 
  743.0   0.32141971899024185 
  744.0    0.3209213624884661 
  745.0   0.32042429346473567 
  746.0   0.31992851191905053 
  747.0     0.319434020351368 
  748.0   0.31894080626190124 
  749.0     0.318448874650565 
  750.0   0.31795821801748725 
  751.0    0.3174688238628811 
  752.0   0.31698070468653333 
  753.0   0.31649384298874245 
  754.0     0.316008236269551 
  755.0    0.3155238845289591 
  756.0    0.3150407802670945 
  757.0   0.31455891848404255 
  758.0    0.3140783016797606 
  759.0    0.3135989198544192 
  760.0    0.3131207655081462 
  761.0    0.3126438336410268 
  762.0    0.3121681292529759 
  763.0   0.31169363484429186 
  764.0   0.31122035791484665 
  765.0    0.3107482734650667 
  766.0   0.31027740149461097 
  767.0    0.3098077245037779 
  768.0   0.30933922749282317 
  769.0   0.30887193046140576 
  770.0   0.30840580341003737 
  771.0    0.3079408488386752 
  772.0   0.30747707174723404 
  773.0   0.30701445963592705 
  774.0    0.3065529950050526 
  775.0    0.3060926878544403 
  776.0   0.30563353318417535 
  777.0    0.3051755209944282 
  778.0   0.30471864128536946 
  779.0   0.30426289655695643 
  780.0     0.303808271809445 
  781.0    0.3033547745427071 
  782.0   0.30290238225712657 
  783.0    0.3024511099524475 
  784.0   0.30200094762884055 
  785.0   0.30155186778677456 
  786.0   0.30110388542599376 
  787.0    0.3006569980465408 
  788.0    0.3002111856487567 
  789.0    0.2997664482326414 
  790.0    0.2993227907981099 
  791.0    0.2988801883455882 
  792.0    0.2984386533748633 
  793.0    0.2979981658862762 
  794.0    0.2975587283797843 
  795.0    0.2971203408553875 
  796.0    0.2966829883133418 
  797.0   0.29624666325377486 
  798.0   0.29581136817664416 
  799.0    0.2953770930821202 
  800.0   0.29494383797020296 
  801.0    0.2945115878411483 
  802.0    0.2940803451949135 
  803.0    0.2936501000316692 
  804.0   0.29322084485154315 
  805.0   0.29279258215449283 
  806.0   0.29236529944073125 
  807.0    0.2919389942103012 
  808.0   0.29151366396324524 
  809.0    0.2910892961997765 
  810.0    0.2906658909198951 
  811.0   0.29024344062372875 
  812.0    0.2898219353114481 
  813.0    0.2894013824829252 
  814.0    0.2889817596385438 
  815.0    0.2885630792780906 
  816.0    0.2881453189019494 
  817.0   0.28772848101007753 
  818.0     0.287312558102603 
  819.0   0.28689754767956815 
  820.0   0.28648343974114376 
  821.0    0.2860702342873298 
  822.0    0.2856579238182541 
  823.0   0.28524650083404457 
  824.0    0.2848359628347437 
  825.0    0.2844262973205649 
  826.0    0.2840175017915507 
  827.0     0.283609576247701 
  828.0    0.2832025081892291 
  829.0    0.2827962901162627 
  830.0    0.2823909320286315 
  831.0    0.2819864064268044 
  832.0    0.2815827208106534 
  833.0    0.2811798676803064 
  834.0    0.2807778395358913 
  835.0   0.28037662637757865 
  836.0   0.27997622820536855 
  837.0   0.27957664001934607 
  838.0    0.2791778468197671 
  839.0   0.27877984860663163 
  840.0   0.27838264287998227 
  841.0   0.27798622213994695 
  842.0    0.2775905738867388 
  843.0    0.2771957006203152 
  844.0   0.27680158734093185 
  845.0    0.2764082315486315 
  846.0   0.27601562824349934 
  847.0   0.27562376992566334 
  848.0    0.2752326515952086 
  849.0    0.2748422657522633 
  850.0    0.2744526098968697 
  851.0    0.2740636740291986 
  852.0   0.27367543814959094 
  853.0   0.27328791975774824 
  854.0     0.272901093854097 
  855.0   0.27251497043846656 
  856.0    0.2721295220113259 
  857.0   0.27174475607254706 
  858.0    0.2713606701221728 
  859.0     0.270977244160544 
  860.0    0.2705944706877885 
  861.0    0.2702123622036935 
  862.0   0.26983089370868507 
  863.0     0.269450057702891 
  864.0   0.26906986668609834 
  865.0    0.2686902856589038 
  866.0   0.26831133462096635 
  867.0   0.26793298107284025 
  868.0   0.26755523751431226 
  869.0    0.2671780889456382 
  870.0    0.2668015303669034 
  871.0   0.26642555177827826 
  872.0    0.2660501456798908 
  873.0    0.2656753145716983 
  874.0   0.26530103345412703 
  875.0    0.2649273148269639 
  876.0   0.26455413869054994 
  877.0   0.26418150254492784 
  878.0    0.2638094013901828 
  879.0   0.26343782272652794 
  880.0    0.2630667590540912 
  881.0    0.2626962078729152 
  882.0    0.2623261591831705 
  883.0     0.261956612984857 
  884.0    0.2615875517782733 
  885.0    0.2612189755634192 
  886.0   0.26085087684042263 
  887.0    0.2604832456094542 
  888.0   0.26011607937055653 
  889.0   0.25974937062385745 
  890.0    0.2593831068695701 
  891.0    0.2590172906076519 
  892.0   0.25865191183827335 
  893.0   0.25828695556169023 
  894.0   0.25792242927777476 
  895.0    0.2575583179867825 
  896.0   0.25719462168871365 
  897.0     0.256831332883696 
  898.0   0.25646844657181483 
  899.0    0.2561059427534112 
  900.0    0.2557438314283145 
  901.0   0.25538210759661023 
  902.0   0.25502075625855386 
  903.0   0.25465977741414564 
  904.0    0.2542991660634707 
  905.0    0.2539389172066143 
  906.0   0.25357902084374706 
  907.0   0.25321947697486885 
  908.0   0.25286028060006505 
  909.0     0.252501414219634 
  910.0    0.2521429053331068 
  911.0   0.25178471644112294 
  912.0    0.2514268600434691 
  913.0   0.25106932364035867 
  914.0    0.2507121047318341 
  915.0   0.25035520581785276 
  916.0   0.24999862189850006 
  917.0    0.2496423429739464 
  918.0    0.2492863640442771 
  919.0   0.24893069260936426 
  920.0   0.24857531616942102 
  921.0    0.2482202397243621 
  922.0   0.24786545077440064 
  923.0    0.2475109493195367 
  924.0    0.2471567328598129 
  925.0    0.2468028013952292 
  926.0   0.24644914742591353 
  927.0    0.2460957734518232 
  928.0   0.24574267447304352 
  929.0   0.24538984298970243 
  930.0   0.24503728400171454 
  931.0    0.2446850000090373 
  932.0   0.24433297601192652 
  933.0    0.2439812120103822 
  934.0   0.24362970550444685 
  935.0    0.2432784664939501 
  936.0   0.24292747747919025 
  937.0    0.2425767459600395 
  938.0   0.24222626443662568 
  939.0   0.24187603540890615 
  940.0   0.24152605387696624 
  941.0    0.2411763198408059 
  942.0    0.2408268283005104 
  943.0   0.24047757675612233 
  944.0   0.24012857520747125 
  945.0   0.23977979865498344 
  946.0    0.2394312670983178 
  947.0   0.23908296303777277 
  948.0    0.2387348864733484 
  949.0   0.23838704740487415 
  950.0   0.23803943333256308 
  951.0   0.23769203925650054 
  952.0    0.2373448626767292 
  953.0   0.23699790359324896 
  954.0    0.2366511670059746 
  955.0   0.23630463541520458 
  956.0    0.2359583163208109 
  957.0   0.23561219722300683 
  958.0   0.23526628562166443 
  959.0   0.23492056901699682 
  960.0     0.234575047409004 
  961.0    0.2342297107978566 
  962.0    0.2338845666834266 
  963.0   0.23353960006596988 
  964.0    0.2331948059455716 
  965.0   0.23285019182210395 
  966.0   0.23250574019586528 
  967.0   0.23216144606694092 
  968.0    0.2318173119352882 
  969.0   0.23147333530094977 
  970.0   0.23112949866422403 
  971.0    0.2307857895253241 
  972.0   0.23044222538395165 
  973.0   0.23009877874057552 
  974.0   0.22975545209515316 
  975.0   0.22941224294772714 
  976.0   0.22906913629855324 
  977.0   0.22872611964784473 
  978.0   0.22838319799551618 
  979.0   0.22804036134173822 
  980.0   0.22769758968685186 
  981.0   0.22735489053072921 
  982.0   0.22701224887362606 
  983.0   0.22666964471588347 
  984.0   0.22632708555737352 
  985.0   0.22598455889830935 
  986.0    0.2256420497389468 
  987.0    0.2252995505794137 
  988.0   0.22495706391966752 
  989.0   0.22461455726026233 
  990.0    0.2242720356011129 
  991.0   0.22392949144234717 
  992.0   0.22358689728443404 
  993.0   0.22324426062724564 
  994.0    0.2229015689709951 
  995.0   0.22255880481598087 
  996.0    0.2222159606623308 
  997.0    0.2218730265102154 
  998.0   0.22152998985984787 
  999.0   0.22118684821127088 
 1000.0   0.22084357906486798 
 1001.0   0.22050017492076712 
 1002.0    0.2201566257791389 
 1003.0   0.21981292914002584 
 1004.0   0.21946906000385427 
 1005.0    0.2191250133707095 
 1006.0   0.21878078924059147 
 1007.0   0.21843636011396914 
 1008.0   0.21809172849079989 
 1009.0    0.2177468743714248 
 1010.0   0.21740179775584376 
 1011.0      0.21705648614427 
 1012.0   0.21671092203700196 
 1013.0    0.2163650954342101 
 1014.0   0.21601901883568128 
 1015.0    0.2156726522420976 
 1016.0   0.21532601065320334 
 1017.0    0.2149790665694673 
 1018.0   0.21463183249067647 
 1019.0     0.214284283417257 
 1020.0   0.21393641684925166 
 1021.0   0.21358822778674563 
 1022.0   0.21323970122999472 
 1023.0   0.21289084217891371 
 1024.0   0.21254163563375833 
 1025.0    0.2121920815945286 
 1026.0   0.21184215756160815 
 1027.0   0.21149187353482654 
 1028.0   0.21114122701422633 
 1029.0    0.2107902055000207 
 1030.0   0.21043880899220962 
 1031.0   0.21008702499100632 
 1032.0   0.20973486099628283 
 1033.0    0.2093823070082097 
 1034.0    0.2090293680267017 
 1035.0   0.20867602655205722 
 1036.0   0.20832230508389254 
 1037.0   0.20796817612267668 
 1038.0   0.20761365466815374 
 1039.0    0.2072587432202812 
 1040.0   0.20690342677931484 
 1041.0   0.20654771284512669 
 1042.0    0.2061916039176742 
 1043.0   0.20583510499687202 
 1044.0   0.20547821358276286 
 1045.0    0.2051209296753467 
 1046.0   0.20476325827453828 
 1047.0    0.2044052043802523 
 1048.0    0.2040467729924035 
 1049.0   0.20368795911107723 
 1050.0   0.20332877773601768 
 1051.0   0.20296922386730998 
 1052.0   0.20260931500465587 
 1053.0   0.20224904364818316 
 1054.0    0.2018884247976361 
 1055.0   0.20152745845301473 
 1056.0   0.20116615461414844 
 1057.0    0.2008045257808241 
 1058.0   0.20044257195304174 
 1059.0    0.2000802981307161 
 1060.0   0.19971771681363404 
 1061.0   0.19935484050158234 
 1062.0   0.19899166419464634 
 1063.0   0.19862821289239962 
 1064.0    0.1982644815949276 
 1065.0   0.19790049530180387 
 1066.0   0.19753624401319894 
 1067.0    0.1971717502287292 
 1068.0   0.19680702894813887 
 1069.0   0.19644207267155575 
 1070.0   0.19607690389859628 
 1071.0   0.19571152762917507 
 1072.0   0.19534595386312173 
 1073.0    0.1949802076000099 
 1074.0    0.1946142788400101 
 1075.0   0.19424818508282385 
 1076.0   0.19388194382815285 
 1077.0    0.1935155525760397 
 1078.0   0.19314903632605804 
 1079.0   0.19278239007829318 
 1080.0    0.1924156388323188 
 1081.0   0.19204879008800702 
 1082.0    0.1916818463453152 
 1083.0   0.19131482760390228 
 1084.0     0.190947738863683 
 1085.0   0.19058057762470007 
 1086.0   0.19021337888635653 
 1087.0   0.18984614514860984 
 1088.0   0.18947887641145997 
 1089.0   0.18911159017460852 
 1090.0    0.1887442864380555 
 1091.0   0.18837698520145985 
 1092.0   0.18800969396469364 
 1093.0   0.18764242022762906 
 1094.0   0.18727516899018076 
 1095.0   0.18690795275213568 
 1096.0   0.18654078151332326 
 1097.0   0.18617365527374344 
 1098.0   0.18580658653318313 
 1099.0    0.1854395877914292 
 1100.0    0.1850726640483963 
 1101.0   0.18470581530408453 
 1102.0    0.1843390540582807 
 1103.0   0.18397238781085684 
 1104.0   0.18360581406185572 
 1105.0   0.18323935531089353 
 1106.0   0.18287300405809828 
 1107.0   0.18250676780334205 
 1108.0   0.18214064904658214 
 1109.0   0.18177466528752018 
 1110.0    0.1814088065263267 
 1111.0   0.18104309026270327 
 1112.0    0.1806775089967778 
 1113.0    0.1803120652285077 
 1114.0   0.17994678395746655 
 1115.0   0.17958164268403812 
 1116.0   0.17921665890792396 
 1117.0   0.17885182762920934 
 1118.0    0.1784871613476811 
 1119.0   0.17812265256346715 
 1120.0    0.1777583162763117 
 1121.0    0.1773941374864705 
 1122.0   0.17703013619360256 
 1123.0   0.17666629739796363 
 1124.0   0.17630264109921268 
 1125.0   0.17593914229777596 
 1126.0   0.17557582599322724 
 1127.0   0.17521268218573702 
 1128.0   0.17484972337509214 
 1129.0    0.1744869345615484 
 1130.0   0.17412432324497784 
 1131.0   0.17376189192533792 
 1132.0   0.17339963810267123 
 1133.0   0.17303756427693517 
 1134.0   0.17267566544821492 
 1135.0   0.17231395161634006 
 1136.0    0.1719524152814384 
 1137.0   0.17159105394355262 
 1138.0   0.17122987760251218 
 1139.0    0.1708688762584876 
 1140.0   0.17050805491139362 
 1141.0    0.1701474160611876 
 1142.0   0.16978695220799747 
 1143.0   0.16942666585178057 
 1144.0   0.16906655949249424 
 1145.0   0.16870663563009589 
 1146.0   0.16834687676488397 
 1147.0   0.16798730789643207 
 1148.0   0.16762791402499608 
 1149.0   0.16726869015066118 
 1150.0    0.1669096487732143 
 1151.0   0.16655078239278323 
 1152.0   0.16619209850924016 
 1153.0   0.16583358962271294 
 1154.0   0.16547524573337213 
 1155.0   0.16511709434074873 
 1156.0   0.16475911044526914 
 1157.0   0.16440130904667746 
 1158.0    0.1640436801451443 
 1159.0    0.1636862362404565 
 1160.0    0.1633289623328698 
 1161.0   0.16297186592225635 
 1162.0    0.1626149570084456 
 1163.0    0.1622582155917786 
 1164.0   0.16190166417187168 
 1165.0   0.16154528774898064 
 1166.0   0.16118909382297755 
 1167.0   0.16083307739394773 
 1168.0   0.16047724596176324 
 1169.0    0.1601215970264667 
 1170.0   0.15976613058805814 
 1171.0   0.15941084664653757 
 1172.0   0.15905575270177702 
 1173.0   0.15870083625398979 
 1174.0   0.15834611480287733 
 1175.0    0.1579915783486102 
 1176.0   0.15763722689118842 
 1177.0   0.15728306543052675 
 1178.0   0.15692909896653987 
 1179.0    0.1565753199993557 
 1180.0   0.15622172852897423 
 1181.0   0.15586832955531024 
 1182.0   0.15551513057823582 
 1183.0   0.15516212659783618 
 1184.0     0.154809315114154 
 1185.0    0.1544566961271893 
 1186.0   0.15410427713681413 
 1187.0    0.1537520581430285 
 1188.0   0.15340003164596036 
 1189.0    0.1530482076454391 
 1190.0    0.1526965811415501 
 1191.0   0.15234515213429323 
 1192.0   0.15199392562358327 
 1193.0   0.15164290660933505 
 1194.0    0.1512920750918895 
 1195.0   0.15094145107090562 
 1196.0    0.1505910345463834 
 1197.0   0.15024081551849336 
 1198.0   0.14989079898715027 
 1199.0    0.1495409849523541 
 1200.0    0.1491913709141475 
 1201.0    0.1488419593724878 
 1202.0   0.14849275032737505 
 1203.0   0.14814374877872394 
 1204.0   0.14779493972679028 
 1205.0   0.14744634067127568 
 1206.0    0.1470979391123933 
 1207.0   0.14674973755010043 
 1208.0   0.14640173848435448 
 1209.0     0.146053931915326 
 1210.0   0.14570633534271657 
 1211.0   0.14535893376678194 
 1212.0    0.1450117296874795 
 1213.0   0.14466472810472397 
 1214.0   0.14431791151881382 
 1215.0   0.14397130242936534 
 1216.0   0.14362488333667686 
 1217.0   0.14327866174062065 
 1218.0   0.14293263514123924 
 1219.0   0.14258680103857527 
 1220.0   0.14224116193258612 
 1221.0   0.14189571032339968 
 1222.0    0.1415504537108881 
 1223.0   0.14120538709513655 
 1224.0    0.1408605104761451 
 1225.0    0.1405158263538711 
 1226.0    0.1401713297283998 
 1227.0   0.13982702309968859 
 1228.0   0.13948290646773748 
 1229.0   0.13913897483263166 
 1230.0   0.13879523319428594 
 1231.0   0.13845168405265768 
 1232.0   0.13810831740791737 
 1233.0   0.13776513825997982 
 1234.0   0.13742215410871705 
 1235.0     0.137079357454257 
 1236.0    0.1367367457966423 
 1237.0   0.13639432413578767 
 1238.0    0.1360520949716505 
 1239.0    0.1357100558042734 
 1240.0    0.1353682116335711 
 1241.0    0.1350265574596289 
 1242.0   0.13468510328227626 
 1243.0    0.1343438391016837 
 1244.0   0.13400277491768073 
 1245.0   0.13366190573035253 
 1246.0     0.133321244039486 
 1247.0   0.13298078234520905 
 1248.0     0.132640523147479 
 1249.0    0.1323004764461254 
 1250.0   0.13196063474127606 
 1251.0   0.13162101053271788 
 1252.0   0.13128159632057873 
 1253.0   0.13094240710460284 
 1254.0    0.1306034353849181 
 1255.0   0.13026468616143919 
 1256.0   0.12992616693403836 
 1257.0   0.12958787770271546 
 1258.0    0.1292498259673427 
 1259.0   0.12891200922796262 
 1260.0    0.1285744424843195 
 1261.0   0.12823711823654127 
 1262.0   0.12790004648445732 
 1263.0   0.12756323222798244 
 1264.0   0.12722667796707396 
 1265.0   0.12689038370173192 
 1266.0   0.12655436193174316 
 1267.0   0.12621861515706503 
 1268.0   0.12588314587765492 
 1269.0   0.12554796159338494 
 1270.0    0.1252130648042124 
 1271.0   0.12487846301000952 
 1272.0    0.1245441562107762 
 1273.0   0.12421015690629934 
 1274.0   0.12387646009666418 
 1275.0   0.12354308078161497 
 1276.0   0.12321002146110903 
 1277.0   0.12287728213514638 
 1278.0   0.12254487280355651 
 1279.0   0.12221279596629678 
 1280.0   0.12188105662328193 
 1281.0    0.1215496597744267 
 1282.0   0.12121861291960317 
 1283.0   0.12088792105872613 
 1284.0   0.12055757669192343 
 1285.0   0.12022759981885407 
 1286.0   0.11989798793956066 
 1287.0   0.11956874605395791 
 1288.0   0.11923987666200321 
 1289.0   0.11891138226365394 
 1290.0   0.11858327035878219 
 1291.0     0.118255540947388 
 1292.0   0.11792820402930079 
 1293.0   0.11760125460460585 
 1294.0   0.11727470267313266 
 1295.0   0.11694854573492384 
 1296.0   0.11662278628993679 
 1297.0   0.11629742933808619 
 1298.0   0.11597247737932947 
 1299.0   0.11564792791370926 
 1300.0   0.11532379094105498 
 1301.0   0.11500005896149457 
 1302.0   0.11467673697494273 
 1303.0   0.11435382748135688 
 1304.0   0.11403132798077961 
 1305.0    0.1137092409731683 
 1306.0   0.11338756645852296 
 1307.0   0.11306630443684358 
 1308.0   0.11274544990821543 
 1309.0   0.11242501287246798 
 1310.0   0.11210498082981439 
 1311.0   0.11178536378008412 
 1312.0    0.1114661542234051 
 1313.0   0.11114734715986256 
 1314.0   0.11082894758937123 
 1315.0   0.11051095301197376 
 1316.0    0.1101933584277554 
 1317.0   0.10987616133675882 
 1318.0   0.10955936173898394 
 1319.0   0.10924295713447345 
 1320.0    0.1089269425233126 
 1321.0   0.10861131290558666 
 1322.0   0.10829607328121037 
 1323.0   0.10798121365035422 
 1324.0   0.10766673151306086 
 1325.0   0.10735262436937296 
 1326.0    0.1070388872193757 
 1327.0   0.10672551756311176 
 1328.0   0.10641251290062374 
 1329.0   0.10609986323208223 
 1330.0   0.10578757355740191 
 1331.0   0.10547563637671067 
 1332.0   0.10516404669009383 
 1333.0   0.10485280199759393 
 1334.0   0.10454189479933892 
 1335.0   0.10423132259537143 
 1336.0   0.10392108538569145 
 1337.0   0.10361117317046949 
 1338.0   0.10330158844966295 
 1339.0    0.1029923237233997 
 1340.0   0.10268338149163711 
 1341.0   0.10237474675463096 
 1342.0     0.102066424512296 
 1343.0   0.10175841226467484 
 1344.0   0.10145070501185278 
 1345.0   0.10114330025387241 
 1346.0   0.10083619049086165 
 1347.0   0.10052938322269257 
 1348.0   0.10022286844953575 
 1349.0   0.09991664617139116 
 1350.0   0.09961071888821615 
 1351.0   0.09930508160009602 
 1352.0   0.09899973180707336 
 1353.0    0.0986946695091482 
 1354.0   0.09838989970623527 
 1355.0   0.09808541239850507 
 1356.0   0.09778121508582975 
 1357.0   0.09747730526825192 
 1358.0   0.09717368544572894 
 1359.0   0.09687035561826081 
 1360.0   0.09656731578584755 
 1361.0   0.09626456844844652 
 1362.0    0.0959621161060151 
 1363.0   0.09565996375846801 
 1364.0   0.09535811390576261 
 1365.0    0.0950565615479842 
 1366.0   0.09475531668496223 
 1367.0   0.09445438681656881 
 1368.0   0.09415376944284656 
 1369.0     0.093853474563625 
 1370.0   0.09355349967894673 
 1371.0   0.09325385978855595 
 1372.0   0.09295454739258058 
 1373.0   0.09265557999072219 
 1374.0   0.09235696258289555 
 1375.0   0.09205869516910063 
 1376.0   0.09176079274908164 
 1377.0   0.09146325532283861 
 1378.0   0.09116609289020099 
 1379.0   0.09086931295104089 
 1380.0   0.09057292550518782 
 1381.0   0.09027693805251387 
 1382.0   0.08998135309297639 
 1383.0   0.08968618812627698 
 1384.0   0.08939144815233038 
 1385.0   0.08909714317096608 
 1386.0   0.08880328068205616 
 1387.0   0.08850987068543013 
 1388.0    0.0882169281808322 
 1389.0   0.08792445316826233 
 1390.0    0.0876324606474648 
 1391.0   0.08734096811814115 
 1392.0   0.08704996808041929 
 1393.0   0.08675948553387293 
 1394.0   0.08646952797837415 
 1395.0   0.08618009791388032 
 1396.0   0.08589121784000776 
 1397.0   0.08560288775675653 
 1398.0   0.08531512516382814 
 1399.0   0.08502793506113737 
 1400.0   0.08474132994847106 
 1401.0   0.08445531982565867 
 1402.0   0.08416990969261497 
 1403.0    0.0838851195489989 
 1404.0   0.08360095689468254 
 1405.0   0.08331742922953805 
 1406.0   0.08303454155348017 
 1407.0    0.0827523038663383 
 1408.0    0.0824707361677715 
 1409.0   0.08218983845777969 
 1410.0   0.08190961823623502 
 1411.0   0.08163009050288168 
 1412.0   0.08135126025763445 
 1413.0   0.08107313250040804 
 1414.0   0.08079571973098928 
 1415.0   0.08051902444933558 
 1416.0    0.0802430641551485 
 1417.0   0.07996783134855592 
 1418.0    0.0796933485291742 
 1419.0   0.07941960569717385 
 1420.0    0.0791466228522138 
 1421.0   0.07887439499437936 
 1422.0   0.07860293462345733 
 1423.0   0.07833224173944774 
 1424.0    0.0780623288421374 
 1425.0   0.07779318593169689 
 1426.0   0.07752483300778513 
 1427.0   0.07725726257053002 
 1428.0   0.07699047961984629 
 1429.0   0.07672449665552078 
 1430.0   0.07645930117776666 
 1431.0   0.07619490068645603 
 1432.0   0.07593130018150364 
 1433.0   0.07566849966290949 
 1434.0   0.07540649913067357 
 1435.0   0.07514529858479588 
 1436.0   0.07488490052523379 
 1437.0   0.07462530245202993 
 1438.0   0.07436650186522693 
 1439.0   0.07410850126478218 
 1440.0   0.07385130065069564 
 1441.0   0.07359489252309524 
 1442.0    0.0733392818818957 
 1443.0   0.07308446372718229 
 1444.0   0.07283043305904026 
 1445.0   0.07257718987746961 
 1446.0   0.07232472918255561 
 1447.0   0.07207305097429825 
 1448.0   0.07182214775282544 
 1449.0    0.0715720170181798 
 1450.0   0.07132265377044658 
 1451.0   0.07107405550966842 
 1452.0   0.07082621223601585 
 1453.0   0.07057913144936095 
 1454.0    0.0703327931500448 
 1455.0   0.07008719983802475 
 1456.0   0.06984234651338607 
 1457.0   0.06959822317629928 
 1458.0     0.069354827326807 
 1459.0   0.06911215146503714 
 1460.0    0.0688701855911602 
 1461.0   0.06862893470509093 
 1462.0   0.06838838380708512 
 1463.0   0.06814852539727066 
 1464.0   0.06790935947564754 
 1465.0   0.06767087104247155 
 1466.0   0.06743306259770006 
 1467.0    0.0671959216415462 
 1468.0   0.06695944067413791 
 1469.0    0.0667236146955604 
 1470.0   0.06648844120585633 
 1471.0   0.06625390520528147 
 1472.0   0.06602000419387848 
 1473.0   0.06578673317173257 
 1474.0   0.06555407963905695 
 1475.0   0.06532204359585159 
 1476.0   0.06509061004237225 
 1477.0   0.06485978147857634 
 1478.0   0.06462955040459172 
 1479.0   0.06439989932071682 
 1480.0   0.06417083572682376 
 1481.0   0.06394234212321095 
 1482.0   0.06371441600992098 
 1483.0   0.06348705988691127 
 1484.0   0.06326025625448022 
 1485.0   0.06303400011271307 
 1486.0   0.06280829396156722 
 1487.0   0.06258312030134106 
 1488.0   0.06235848163199196 
 1489.0   0.06213437295360521 
 1490.0   0.06191078176639392 
 1491.0  0.061687710570315496 
 1492.0  0.061465151865497815 
 1493.0   0.06124309565211139 
 1494.0  0.061021541930156235 
 1495.0  0.060800488199674964 
 1496.0   0.06057992696079549 
 1497.0  0.060359855713560444 
 1498.0   0.06014026195818296 
 1499.0   0.05992115319453516 
 1500.0   0.05970251192291544 
 1501.0   0.05948435314306802 
 1502.0   0.05926665185541923 
 1503.0   0.05904942055975591 
 1504.0   0.05883264925624856 
 1505.0   0.05861633294498245 
 1506.0   0.05840047412591496 
 1507.0  0.058185065299173985 
 1508.0  0.057970103964802136 
 1509.0   0.05775558762284206 
 1510.0   0.05754151877325111 
 1511.0   0.05732788491624247 
 1512.0    0.0571146860518161 
 1513.0   0.05690192717988677 
 1514.0   0.05668960080058235 
 1515.0  0.056477701913988106 
 1516.0  0.056266238019976156 
 1517.0  0.056055196618759656 
 1518.0   0.05584458021029596 
 1519.0   0.05563438879458508 
 1520.0  0.055424619871669634 
 1521.0  0.055215270941592266 
 1522.0   0.05500634200435297 
 1523.0     0.054797828060037 
 1524.0   0.05458973410855911 
 1525.0   0.05438205515000455 
 1526.0  0.054174788684415956 
 1527.0  0.053967937211750694 
 1528.0   0.05376150073200876 
 1529.0  0.053555474245275424 
 1530.0   0.05334985775155068 
 1531.0   0.05314465625074929 
 1532.0    0.0529398622429991 
 1533.0   0.05273548072821488 
 1534.0   0.05253150670648189 
 1535.0   0.05232794517771486 
 1536.0   0.05212478864204168 
 1537.0   0.05192204459933447 
 1538.0   0.05171970804967849 
 1539.0   0.05151778149303109 
 1540.0  0.051316264929392286 
 1541.0   0.05111515835876208 
 1542.0   0.05091446178114048 
 1543.0  0.050714172696570095 
 1544.0  0.050514298604923034 
 1545.0   0.05031483450628457 
 1546.0   0.05011578040065472 
 1547.0   0.04991714378790555 
 1548.0   0.04971891716816499 
 1549.0   0.04952110554134775 
 1550.0  0.049323711407411215 
 1551.0   0.04912672976644066 
 1552.0   0.04893016811830816 
 1553.0  0.048734023963056365 
 1554.0   0.04853830230060002 
 1555.0  0.048343000630981736 
 1556.0  0.048148123954116266 
 1557.0   0.04795366477013151 
 1558.0   0.04775963807877166 
 1559.0   0.04756603638016462 
 1560.0   0.04737286467422515 
 1561.0   0.04718012296095321 
 1562.0   0.04698781624026356 
 1563.0   0.04679594201219884 
 1564.0  0.046604512776545884 
 1565.0  0.046413516033517836 
 1566.0   0.04622296678285893 
 1567.0   0.04603285752469706 
 1568.0   0.04584319575890432 
 1569.0  0.045653986485395454 
 1570.0   0.04546522470425573 
 1571.0   0.04527692041531462 
 1572.0  0.045089076118529484 
 1573.0  0.044901691813900343 
 1574.0   0.04471477250134192 
 1575.0   0.04452831568089685 
 1576.0   0.04434232635247988 
 1577.0   0.04415681701587784 
 1578.0   0.04397177767126126 
 1579.0   0.04378721831845962 
 1580.0   0.04360314645734503 
 1581.0   0.04341955708800275 
 1582.0  0.043236455210347524 
 1583.0   0.04305384832425145 
 1584.0   0.04287174142962927 
 1585.0  0.042690127026608876 
 1586.0   0.04250902011493449 
 1587.0    0.0423284206946061 
 1588.0   0.04214833376553847 
 1589.0  0.041968754327816826 
 1590.0    0.0417896973811854 
 1591.0  0.041611157925729475 
 1592.0    0.0414331459612785 
 1593.0   0.04125566398778985 
 1594.0   0.04107871200526352 
 1595.0   0.04090229751357165 
 1596.0  0.040726423012671584 
 1597.0  0.040551086002605936 
 1598.0   0.04037630148311896 
 1599.0   0.04020205945438115 
 1600.0   0.04002837491613674 
 1601.0   0.03985524786838572 
 1602.0  0.039682678311128095 
 1603.0  0.039510673744235975 
 1604.0  0.039339234167709354 
 1605.0  0.039168359581548226 
 1606.0   0.03899806248553947 
 1607.0   0.03882833287985357 
 1608.0   0.03865918576423475 
 1609.0   0.03849061863872567 
 1610.0   0.03832262900336892 
 1611.0   0.03815523185790874 
 1612.0   0.03798841470255829 
 1613.0   0.03782219253706176 
 1614.0  0.037656560361504436 
 1615.0  0.037491515675928934 
 1616.0  0.037327075980036845 
 1617.0   0.03716322877404133 
 1618.0   0.03699998155781448 
 1619.0   0.03683732933144158 
 1620.0  0.036675284594709444 
 1621.0     0.036513839847746 
 1622.0   0.03635299509055122 
 1623.0   0.03619276032295459 
 1624.0  0.036033125545126644 
 1625.0   0.03587409825693947 
 1626.0  0.035715675958435715 
 1627.0   0.03555786114957274 
 1628.0  0.035400653830350556 
 1629.0   0.03524404900085441 
 1630.0  0.035088054160956415 
 1631.0    0.0349326593108271 
 1632.0   0.03477787195033857 
 1633.0  0.034623692079490814 
 1634.0  0.034470112198411736 
 1635.0  0.034317134807058704 
 1636.0   0.03416476240538908 
 1637.0  0.034012987493530766 
 1638.0   0.03386181757135587 
 1639.0    0.0337112426390349 
 1640.0   0.03356126519652523 
 1641.0   0.03341188024391214 
 1642.0   0.03326309028115298 
 1643.0  0.033114892808290386 
 1644.0   0.03296728282540962 
 1645.0   0.03282026283246805 
 1646.0   0.03267382782955094 
 1647.0   0.03252798031661565 
 1648.0   0.03238271029383272 
 1649.0  0.032238020261159496 
 1650.0   0.03209390521868125 
 1651.0   0.03195036766635537 
 1652.0  0.031807402604267086 
 1653.0  0.031665005032501685 
 1654.0  0.031523177451016515 
 1655.0   0.03138190985998211 
 1656.0   0.03124121225922795 
 1657.0  0.031101067149052437 
 1658.0   0.03096148202932769 
 1659.0   0.03082245440009634 
 1660.0  0.030683974261528905 
 1661.0   0.03054604911349749 
 1662.0  0.030408671456129997 
 1663.0    0.0302718337895543 
 1664.0   0.03013554111368516 
 1665.0   0.02999979092856519 
 1666.0  0.029864578234279657 
 1667.0  0.029729900530871194 
 1668.0  0.029595757818339802 
 1669.0  0.029462145096770736 
 1670.0     0.029329062366164 
 1671.0  0.029196507126562223 
 1672.0   0.02906447437805067 
 1673.0   0.02893296912054407 
 1674.0  0.028801983854170325 
 1675.0    0.0286715210788868 
 1676.0  0.028541575794778756 
 1677.0   0.02841214550188883 
 1678.0   0.02828323270017438 
 1679.0  0.028154832389720674 
 1680.0   0.02802694957044245 
 1681.0    0.0278995767424676 
 1682.0   0.02777271390579612 
 1683.0  0.027646363560385384 
 1684.0  0.027520520706320654 
 1685.0  0.027395185343601927 
 1686.0  0.027270357472229202 
 1687.0   0.02714603709220248 
 1688.0    0.0270222217035644 
 1689.0  0.026898913806272313 
 1690.0  0.026776110900368872 
 1691.0   0.02665381298585406 
 1692.0   0.02653202256268525 
 1693.0  0.026410734630947702 
 1694.0  0.026289951690598792 
 1695.0   0.02616967624159589 
 1696.0   0.02604990078406688 
 1697.0   0.02593063781779861 
 1698.0  0.025811874843004238 
 1699.0  0.025693614359641133 
 1700.0  0.025575866367538766 
 1701.0   0.02545861586695293 
 1702.0  0.025341875357670463 
 1703.0   0.02522563983977663 
 1704.0  0.025109911813228806 
 1705.0  0.024994688778069613 
 1706.0   0.02487997323425642 
 1707.0   0.02476576518178924 
 1708.0  0.024652062120710683 
 1709.0  0.024538869050935507 
 1710.0   0.02442618097254896 
 1711.0  0.024314002885465792 
 1712.0  0.024202329789771257 
 1713.0  0.024091166685380094 
 1714.0   0.02398050857237757 
 1715.0  0.023870360450678415 
 1716.0  0.023760717320367893 
 1717.0  0.023651584181360746 
 1718.0  0.023542953533784865 
 1719.0  0.023434830377554988 
 1720.0   0.02332721221271374 
 1721.0   0.02322010653913324 
 1722.0  0.023113495857111897 
 1723.0  0.023007392666436557 
 1724.0   0.02290178946723511 
 1725.0  0.022796691259422297 
 1726.0   0.02269208804316864 
 1727.0  0.022587984818388883 
 1728.0   0.02248438158508302 
 1729.0  0.022381270843378945 
 1730.0   0.02227865759319139 
 1731.0   0.02217653183469089 
 1732.0  0.022074898567792173 
 1733.0   0.02197375029262313 
 1734.0  0.021873089509141144 
 1735.0  0.021772908717474095 
 1736.0   0.02167321041757935 
 1737.0  0.021573987109584813 
 1738.0   0.02147524129344784 
 1739.0  0.021376962969338966 
 1740.0   0.02127915463721555 
 1741.0  0.021181811297162855 
 1742.0  0.021084927949266145 
 1743.0  0.020988504593525418 
 1744.0  0.020892531230111196 
 1745.0  0.020797010358980853 
 1746.0  0.020701936980219642 
 1747.0   0.02060730359395546 
 1748.0   0.02051310770023094 
 1749.0  0.020419344299131337 
 1750.0   0.02032600839074192 
 1751.0  0.020233099975062674 
 1752.0  0.020140609052264134 
 1753.0    0.0200485356223463 
 1754.0   0.01995686968547969 
 1755.0  0.019865603741792193 
 1756.0  0.019774745291155922 
 1757.0   0.01968427683386929 
 1758.0  0.019594203369847036 
 1759.0  0.019504509899344942 
 1760.0   0.01941519642236301 
 1761.0  0.019326257938986492 
 1762.0  0.019237691949258034 
 1763.0   0.01914948595339078 
 1764.0   0.01906163745142736 
 1765.0  0.018974146443367774 
 1766.0  0.018887000429425177 
 1767.0  0.018800201909556936 
 1768.0   0.01871373338406147 
 1769.0  0.018627602352810878 
 1770.0  0.018541798815975688 
 1771.0  0.018456315273683795 
 1772.0   0.01837114922597782 
 1773.0  0.018286295672943036 
 1774.0  0.018201752114622067 
 1775.0   0.01811750855118543 
 1776.0  0.018033564982633133 
 1777.0  0.017949911409135696 
 1778.0  0.017866550330650488 
 1779.0   0.01778347174734803 
 1780.0   0.01770067315927095 
 1781.0  0.017618147066547147 
 1782.0  0.017535900969048727 
 1783.0  0.017453917367074096 
 1784.0  0.017372198760580635 
 1785.0  0.017290737649696224 
 1786.0  0.017209536534378247 
 1787.0  0.017128587914754582 
 1788.0  0.017047889290867865 
 1789.0  0.016967443162675466 
 1790.0   0.01688723703039054 
 1791.0  0.016807270894013078 
 1792.0   0.01672754475354309 
 1793.0    0.0166480561090232 
 1794.0  0.016568799960538675 
 1795.0  0.016489778808046876 
 1796.0  0.016410985151675703 
 1797.0  0.016332421491382518 
 1798.0   0.01625408532720996 
 1799.0   0.01617597665915802 
 1800.0  0.016098090487311964 
 1801.0  0.016020421811757054 
 1802.0  0.015942980632322763 
 1803.0  0.015865761949094365 
 1804.0   0.01578876326211447 
 1805.0  0.015711984571383095 
 1806.0  0.015635423376942865 
 1807.0  0.015559084678708516 
 1808.0  0.015482963476765312 
 1809.0  0.015407062271070622 
 1810.0  0.015331383561581816 
 1811.0  0.015255919848426785 
 1812.0  0.015180678631477635 
 1813.0  0.015105664910649111 
 1814.0   0.01503086868611173 
 1815.0   0.01495629495778023 
 1816.0  0.014881943725654616 
 1817.0  0.014807819989649624 
 1818.0  0.014733916249893148 
 1819.0   0.01466024500617203 
 1820.0  0.014586796258656798 
 1821.0  0.014513585007091667 
 1822.0  0.014440596251732416 
 1823.0  0.014367844992323268 
 1824.0   0.01429532122903474 
 1825.0  0.014223039961611054 
 1826.0    0.0141509936901801 
 1827.0   0.01407918241474187 
 1828.0  0.014007613635168486 
 1829.0  0.013936284851502568 
 1830.0  0.013865201063658862 
 1831.0  0.013794362271637363 
 1832.0  0.013723768475438072 
 1833.0  0.013653422175018361 
 1834.0  0.013583328370292965 
 1835.0  0.013513482061347148 
 1836.0  0.013443890748053017 
 1837.0  0.013374551930453204 
 1838.0  0.013305473108419818 
 1839.0  0.013236649282038116 
 1840.0  0.013168082951265474 
 1841.0  0.013099779116016622 
 1842.0  0.013031737776291567 
 1843.0  0.012963956432132941 
 1844.0  0.012896442583412845 
 1845.0  0.012829193730173917 
 1846.0  0.012762214872330889 
 1847.0  0.012695498510011657 
 1848.0  0.012629049643130958 
 1849.0  0.012562875771560905 
 1850.0  0.012496969395429382 
 1851.0  0.012431335514651134 
 1852.0  0.012365976629183529 
 1853.0  0.012300887739111829 
 1854.0  0.012236068844436029 
 1855.0  0.012171529944985613 
 1856.0  0.012107266040845839 
 1857.0  0.012043272132101967 
 1858.0  0.011979558218583475 
 1859.0  0.011916114300460889 
 1860.0  0.011852952877521054 
 1861.0  0.011790061449977123 
 1862.0  0.011727447517701205 
 1863.0  0.011665111080693296 
 1864.0   0.01160304713903866 
 1865.0   0.01154125819269467 
 1866.0  0.011479749241576055 
 1867.0  0.011418512785810719 
 1868.0  0.011357553825313395 
 1869.0  0.011296864860211971 
 1870.0   0.01123645589033593 
 1871.0  0.011176314415898421 
 1872.0   0.01111644543681419 
 1873.0  0.011056853952997965 
 1874.0  0.010997532464577646 
 1875.0    0.0109384834715106 
 1876.0   0.01087970447383946 
 1877.0  0.010821195471564219 
 1878.0  0.010762958964642255 
 1879.0  0.010704984953244085 
 1880.0  0.010647283437199185 
 1881.0  0.010589851916550192 
 1882.0  0.010532685391382362 
 1883.0  0.010475783861695698 
 1884.0  0.010419152327404937 
 1885.0  0.010362783288637972 
 1886.0  0.010306679245352168 
 1887.0  0.010250840197547531 
 1888.0  0.010195261145309319 
 1889.0  0.010139947088552273 
 1890.0   0.01008489052740428 
 1891.0  0.010030101461694823 
 1892.0  0.009975572391551793 
 1893.0  0.009921303316975187 
 1894.0  0.009867291738007636 
 1895.0  0.009813542654563882 
 1896.0  0.009760056066643921 
 1897.0  0.009706821974418281 
 1898.0  0.009653850377716433 
 1899.0  0.009601136276623642 
 1900.0  0.009548679671139907 
 1901.0  0.009496480561265229 
 1902.0  0.009444538946999606 
 1903.0  0.009392857328300409 
 1904.0  0.009341430705252897 
 1905.0  0.009290266577729182 
 1906.0  0.009239354945899784 
 1907.0  0.009188700809679444 
 1908.0  0.009138304169068157 
 1909.0  0.009088170023980664 
 1910.0  0.009038290874544861 
 1911.0  0.008988666720760744 
 1912.0   0.00893930256254305 
 1913.0  0.008890200899849154 
 1914.0  0.008841356732764314 
 1915.0  0.008792772561245898 
 1916.0   0.00874444338537917 
 1917.0  0.008696376705036236 
 1918.0  0.008648567520302361 
 1919.0  0.008601018331134908 
 1920.0   0.00855373413744862 
 1921.0   0.00850670993932876 
 1922.0  0.008459948236732693 
 1923.0  0.008413444029745682 
 1924.0  0.008367204818239837 
 1925.0  0.008321225602300416 
 1926.0   0.00827551138184216 
 1927.0  0.008230062156865068 
 1928.0  0.008184872927454404 
 1929.0  0.008139948693524903 
 1930.0  0.008095286955119197 
 1931.0  0.008050892712152027 
 1932.0   0.00800675846475128 
 1933.0  0.007962894212746437 
 1934.0  0.007919287456350649 
 1935.0  0.007875950695350766 
 1936.0  0.007832876429874678 
 1937.0  0.007790067159879756 
 1938.0  0.007747517885451258 
 1939.0  0.007705236106461295 
 1940.0  0.007663216822995125 
 1941.0  0.007621460035052751 
 1942.0  0.007579965742634174 
 1943.0  0.007538736445696759 
 1944.0  0.007497764644368402 
 1945.0  0.007457055338563838 
 1946.0  0.007416608528283072 
 1947.0   0.00737641671365399 
 1948.0  0.007336484894591335 
 1949.0  0.007296810571137736 
 1950.0  0.007257391243335821 
 1951.0  0.007218226911185597 
 1952.0  0.007179317574687058 
 1953.0  0.007140658233925465 
 1954.0  0.007102251388858192 
 1955.0  0.007064092039570494 
 1956.0  0.007026177686105008 
 1957.0  0.006988510828419098 
 1958.0  0.006951086466598028 
 1959.0  0.006913902100684427 
 1960.0  0.006876957730678297 
 1961.0  0.006840250856622267 
 1962.0 0.0068037764786015986 
 1963.0  0.006767537096573661 
 1964.0  0.006731520210751606 
 1965.0  0.006695733321007542 
 1966.0  0.006660171427426732 
 1967.0  0.006624832030051807 
 1968.0  0.006589707629010655 
 1969.0 0.0065547982243032805 
 1970.0   0.00652010381592968 
 1971.0 0.0064856144040603735 
 1972.0  0.006451334988610106 
 1973.0  0.006417253069792027 
 1974.0  0.006383373647520875 
 1975.0  0.006349689221924543 
 1976.0   0.00631619479308829 
 1977.0  0.006282887861054748 
 1978.0  0.006249765925866548 
 1979.0  0.006216826487566321 
 1980.0  0.006184062046281956 
 1981.0  0.006151475101970822 
 1982.0  0.006119053154846076 
 1983.0  0.006086798704865085 
 1984.0  0.006054706752113109 
 1985.0   0.00602277479663278 
 1986.0   0.00599099283859462 
 1987.0  0.005959363377955997 
 1988.0  0.005927878914844804 
 1989.0  0.005896539449261041 
 1990.0   0.00586533498137523 
 1991.0   0.00583426801114474 
 1992.0  0.005803333538654832 
 1993.0  0.005772519064118659 
 1994.0  0.005741834587365698 
 1995.0  0.005711265108651734 
 1996.0  0.005680813127934135 
 1997.0  0.005650471145340794 
 1998.0  0.005620241660829079 
 1999.0 0.0055901146745695116 
 2000.0  0.005560087686604724 
