\ Text file in IPAC table format, read with astropy
\ from astropy.table import QTable
\ QTable.read('filename.tbl', format='ascii.ipac')
\ Instrument model exported from Lambda WMAP DR5
|   ell|                     B|
|double|                double|
|      |                      |
|  null|                  null|
    0.0                    1.0 
    1.0      0.999979835406619 
    2.0      0.999939531219353 
    3.0     0.9998790974380002 
    4.0     0.9997985690618549 
    5.0     0.9996979960899088 
    6.0     0.9995774285211539 
    7.0      0.999436951353876 
    8.0     0.9992766295867643 
    9.0      0.999096543218206 
   10.0     0.9988968022459827 
   11.0     0.9986775166678763 
   12.0     0.9984388114813665 
   13.0     0.9981808066840333 
   14.0     0.9979036472729527 
   15.0     0.9976074832451003 
   16.0     0.9972924695973505 
   17.0     0.9969587813261747 
   18.0     0.9966065934280436 
   19.0     0.9962360658997311 
   20.0      0.995847418736801 
   21.0      0.995440831935624 
   22.0     0.9950165254917634 
   23.0     0.9945746994011866 
   24.0     0.9941155736594571 
   25.0     0.9936393832618364 
   26.0       0.99314633820409 
   27.0     0.9926366984809752 
   28.0     0.9921106790881562 
   29.0     0.9915685350204914 
   30.0     0.9910105112730401 
   31.0     0.9904368478409633 
   32.0     0.9898478047190179 
   33.0      0.989243641901961 
   34.0     0.9886245993849533 
   35.0     0.9879909521624497 
   36.0     0.9873429552293078 
   37.0     0.9866808535805875 
   38.0     0.9860049272106427 
   39.0     0.9853154211145332 
   40.0     0.9846126002869152 
   41.0     0.9838967147227475 
   42.0     0.9831680344165858 
   43.0     0.9824267993635908 
   44.0     0.9816732695585193 
   45.0     0.9809076799966329 
   46.0      0.980130300672487 
   47.0      0.979341371581242 
   48.0     0.9785411027186637 
   49.0     0.9777297690792064 
   50.0     0.9769075706588377 
   51.0     0.9760747574525159 
   52.0     0.9752315394560068 
   53.0     0.9743781416647733 
   54.0     0.9735147790744799 
   55.0     0.9726416616808923 
   56.0     0.9717589694803803 
   57.0     0.9708669224685084 
   58.0     0.9699657256411424 
   59.0      0.969055533995157 
   60.0     0.9681365325268216 
   61.0      0.967208911232305 
   62.0     0.9662728301083808 
   63.0     0.9653284641515204 
   64.0     0.9643759483590013 
   65.0     0.9634154477274965 
   66.0     0.9624470972542838 
   67.0     0.9614710519362376 
   68.0     0.9604874317709383 
   69.0      0.959496356755966 
   70.0     0.9584979718883969 
   71.0     0.9574923671664161 
   72.0     0.9564796725874023 
   73.0     0.9554599831494398 
   74.0     0.9544333988505121 
   75.0     0.9534000246885022 
   76.0     0.9523599306619981 
   77.0     0.9513132267687822 
   78.0     0.9502599730076442 
   79.0     0.9492002543768705 
   80.0     0.9481341408750492 
   81.0      0.947061702500769 
   82.0     0.9459830092526184 
   83.0     0.9448981011297907 
   84.0     0.9438070681304711 
   85.0     0.9427099402540547 
   86.0     0.9416067824992309 
   87.0     0.9404976298652938 
   88.0     0.9393825523508319 
   89.0     0.9382615799552402 
   90.0      0.937134747677813 
   91.0     0.9360021105174415 
   92.0     0.9348637234730162 
   93.0     0.9337195915444365 
   94.0     0.9325697847302908 
   95.0      0.931414318030277 
   96.0     0.9302532414433863 
   97.0     0.9290865899689132 
   98.0     0.9279144036060514 
   99.0     0.9267367123541954 
  100.0     0.9255535662123373 
  101.0     0.9243650001797713 
  102.0     0.9231710492557917 
  103.0     0.9219717484396928 
  104.0     0.9207671477304661 
  105.0     0.9195572921272043 
  106.0         0.918342226629 
  107.0     0.9171219962349458 
  108.0     0.9158966209446385 
  109.0     0.9146662007560618 
  110.0     0.9134307456690136 
  111.0      0.912190335681881 
  112.0     0.9109450007940589 
  113.0     0.9096948110041361 
  114.0     0.9084398263109024 
  115.0     0.9071801017132489 
  116.0      0.905915702209865 
  117.0     0.9046466977993388 
  118.0     0.9033731484804609 
  119.0      0.902095139251517 
  120.0     0.9008127101117006 
  121.0     0.8995259610589952 
  122.0     0.8982349670918887 
  123.0     0.8969397982089691 
  124.0     0.8956405294087245 
  125.0     0.8943372456894407 
  126.0     0.8930300320494038 
  127.0     0.8917189784867988 
  128.0     0.8904041500003153 
  129.0     0.8890856565877349 
  130.0     0.8877635732475454 
  131.0     0.8864379999777304 
  132.0     0.8851090117767775 
  133.0     0.8837767186424685 
  134.0     0.8824412105729889 
  135.0     0.8811025675667251 
  136.0     0.8797608996214592 
  137.0     0.8784162817356788 
  138.0     0.8770688189072668 
  139.0     0.8757186111342065 
  140.0      0.874365743414784 
  141.0     0.8730103107470838 
  142.0     0.8716524081291901 
  143.0     0.8702921355590865 
  144.0     0.8689295780350589 
  145.0     0.8675648255552927 
  146.0     0.8661979631180737 
  147.0     0.8648291057210832 
  148.0     0.8634583033633126 
  149.0     0.8620856760423427 
  150.0     0.8607112987566605 
  151.0     0.8593352515046533 
  152.0     0.8579576192846071 
  153.0     0.8565784670952109 
  154.0     0.8551978999343479 
  155.0     0.8538159728009085 
  156.0     0.8524327806929772 
  157.0     0.8510483686096469 
  158.0     0.8496628265491026 
  159.0     0.8482762145101344 
  160.0     0.8468885924915324 
  161.0     0.8455000354917843 
  162.0     0.8441105935098818 
  163.0     0.8427203165448168 
  164.0     0.8413292845949761 
  165.0     0.8399375226598556 
  166.0     0.8385450907382452 
  167.0     0.8371520488289353 
  168.0     0.8357584169315226 
  169.0     0.8343642500448979 
  170.0     0.8329695881682546 
  171.0     0.8315744613009879 
  172.0     0.8301789094422911 
  173.0     0.8287829725913577 
  174.0     0.8273866457482885 
  175.0     0.8259899939117729 
  176.0     0.8245930220817097 
  177.0     0.8231957452577968 
  178.0     0.8217982084391268 
  179.0     0.8204004116256995 
  180.0     0.8190023648173135 
  181.0     0.8176041030132627 
  182.0     0.8162056112138499 
  183.0     0.8148069194184698 
  184.0      0.813408032627022 
  185.0     0.8120089458396071 
  186.0     0.8106096740559225 
  187.0     0.8092102172759686 
  188.0     0.8078105854995433 
  189.0     0.8064107637269495 
  190.0     0.8050107719577835 
  191.0     0.8036106001922471 
  192.0     0.8022102434304412 
  193.0     0.8008096966724667 
  194.0     0.7994089699181215 
  195.0     0.7980080431678095 
  196.0     0.7966069214214295 
  197.0     0.7952056046789816 
  198.0     0.7938040879405667 
  199.0      0.792402351206588 
  200.0     0.7910003944770454 
  201.0     0.7895982277517374 
  202.0     0.7881958360309664 
  203.0     0.7867932143148334 
  204.0     0.7853903476036406 
  205.0     0.7839872558969849 
  206.0     0.7825839241951685 
  207.0     0.7811803374984944 
  208.0     0.7797765058067604 
  209.0     0.7783724391197651 
  210.0     0.7769681074381134 
  211.0     0.7755635307614023 
  212.0     0.7741586990898329 
  213.0     0.7727536274231029 
  214.0     0.7713482857618176 
  215.0     0.7699427191050692 
  216.0     0.7685368974534628 
  217.0     0.7671308508063934 
  218.0     0.7657245641641637 
  219.0     0.7643180575263699 
  220.0     0.7629113258931133 
  221.0     0.7615043842640913 
  222.0     0.7600972426391022 
  223.0     0.7586899010181459 
  224.0     0.7572823944005169 
  225.0     0.7558747127864166 
  226.0     0.7544668711755428 
  227.0     0.7530588945673911 
  228.0     0.7516507729621631 
  229.0     0.7502425463590526 
  230.0     0.7488342247578578 
  231.0      0.747425823158276 
  232.0     0.7460173515601058 
  233.0     0.7446088399627421 
  234.0     0.7432002933660843 
  235.0      0.741791736769628 
  236.0      0.740383185173071 
  237.0     0.7389746785756064 
  238.0     0.7375662169772346 
  239.0     0.7361578253774512 
  240.0      0.734749518775954 
  241.0     0.7333413321720368 
  242.0     0.7319332755654983 
  243.0     0.7305253739558342 
  244.0     0.7291176523425404 
  245.0      0.727710130725214 
  246.0     0.7263028291034511 
  247.0     0.7248957674768489 
  248.0     0.7234889708449028 
  249.0     0.7220824642071093 
  250.0     0.7206762725629638 
  251.0     0.7192703909125672 
  252.0     0.7178648692549116 
  253.0     0.7164597125898956 
  254.0     0.7150549559168139 
  255.0     0.7136505942357672 
  256.0     0.7122466725458482 
  257.0     0.7108432058467541 
  258.0     0.7094401941384851 
  259.0     0.7080376874200331 
  260.0     0.7066356706917005 
  261.0     0.7052341889525798 
  262.0     0.7038332322028726 
  263.0     0.7024328404417725 
  264.0     0.7010330186691784 
  265.0     0.6996337868846875 
  266.0     0.6982351500881985 
  267.0     0.6968371282793081 
  268.0     0.6954397464575127 
  269.0     0.6940430046228117 
  270.0     0.6926469227748022 
  271.0     0.6912515059133832 
  272.0     0.6898567690382523 
  273.0     0.6884627371489055 
  274.0     0.6870693902457456 
  275.0     0.6856767683279668 
  276.0     0.6842848713955683 
  277.0     0.6828936994485506 
  278.0     0.6815032724865102 
  279.0     0.6801135955093466 
  280.0     0.6787246785168578 
  281.0     0.6773365165091445 
  282.0      0.675949134485703 
  283.0     0.6745625324465332 
  284.0     0.6731767153915341 
  285.0     0.6717916933205043 
  286.0     0.6704074662334434 
  287.0     0.6690240491300492 
  288.0     0.6676414320105235 
  289.0     0.6662596298745636 
  290.0     0.6648786527219678 
  291.0      0.663498490552938 
  292.0     0.6621191633670708 
  293.0     0.6607406611645676 
  294.0     0.6593629989451262 
  295.0     0.6579861717088474 
  296.0      0.656610199455328 
  297.0     0.6552350571850718 
  298.0     0.6538607798973735 
  299.0     0.6524873475926358 
  300.0     0.6511147652707583 
  301.0     0.6497430529313376 
  302.0     0.6483722005745755 
  303.0       0.64700221820027 
  304.0     0.6456330908087238 
  305.0     0.6442648283997353 
  306.0     0.6428974509729012 
  307.0     0.6415309435285237 
  308.0     0.6401653160664015 
  309.0     0.6388005585867361 
  310.0     0.6374366760894267 
  311.0     0.6360736885740699 
  312.0     0.6347115810409683 
  313.0     0.6333503634899201 
  314.0     0.6319900309210263 
  315.0     0.6306305833342871 
  316.0     0.6292720307295003 
  317.0     0.6279143631068679 
  318.0     0.6265575754664906 
  319.0     0.6252017128074612 
  320.0     0.6238467151309893 
  321.0     0.6224926274361677 
  322.0     0.6211394297233996 
  323.0     0.6197871269925842 
  324.0      0.618435709243923 
  325.0     0.6170852014769123 
  326.0     0.6157355786920556 
  327.0     0.6143868508891518 
  328.0      0.613039028067999 
  329.0     0.6116920952288998 
  330.0     0.6103460423720556 
  331.0     0.6090008894970633 
  332.0     0.6076566316040237 
  333.0     0.6063132686929369 
  334.0     0.6049707807642059 
  335.0     0.6036291878174277 
  336.0     0.6022884798528038 
  337.0     0.6009486468705358 
  338.0     0.5996097038703214 
  339.0     0.5982716408523623 
  340.0     0.5969344578166581 
  341.0     0.5955981597631084 
  342.0     0.5942627366919147 
  343.0     0.5929281836031777 
  344.0     0.5915944904970991 
  345.0     0.5902616873730742 
  346.0     0.5889297492316068 
  347.0     0.5875986810725962 
  348.0     0.5862684778961432 
  349.0      0.584939144702147 
  350.0     0.5836106714908095 
  351.0     0.5822830732618277 
  352.0     0.5809563400154036 
  353.0     0.5796304717515371 
  354.0      0.578305488469825 
  355.0     0.5769813551709729 
  356.0     0.5756580918545777 
  357.0      0.574335718520236 
  358.0      0.573014210168452 
  359.0     0.5716935817989229 
  360.0     0.5703738384115485 
  361.0     0.5690549850062273 
  362.0     0.5677370215829597 
  363.0     0.5664199531416448 
  364.0     0.5651037996818794 
  365.0     0.5637885462039657 
  366.0        0.5624742177074 
  367.0     0.5611608191920809 
  368.0     0.5598483606578074 
  369.0     0.5585368471044782 
  370.0     0.5572262985316901 
  371.0     0.5559167199393423 
  372.0     0.5546081313270318 
  373.0     0.5533005426945566 
  374.0     0.5519939590418159 
  375.0     0.5506884103682049 
  376.0     0.5493839116734212 
  377.0     0.5480804729572628 
  378.0     0.5467781292190242 
  379.0      0.545476865459008 
  380.0     0.5441767316762057 
  381.0     0.5428777528701134 
  382.0     0.5415799190409325 
  383.0      0.540283280187655 
  384.0     0.5389878613097766 
  385.0     0.5376936624072975 
  386.0     0.5364007334792094 
  387.0     0.5351090845253105 
  388.0     0.5338187555447945 
  389.0     0.5325297565374594 
  390.0     0.5312421325023982 
  391.0     0.5299558834396104 
  392.0     0.5286710743477857 
  393.0     0.5273877152267225 
  394.0     0.5261058360758155 
  395.0     0.5248254618945609 
  396.0     0.5235466276822528 
  397.0     0.5222693684381855 
  398.0     0.5209937141617539 
  399.0     0.5197196848525549 
  400.0     0.5184473105099835 
  401.0     0.5171766311332332 
  402.0     0.5159076717217999 
  403.0      0.514640457275179 
  404.0     0.5133750277925646 
  405.0     0.5121114082734521 
  406.0     0.5108496187174385 
  407.0     0.5095896991237171 
  408.0     0.5083316644919854 
  409.0      0.507075554821437 
  410.0     0.5058213851117692 
  411.0      0.504569185362377 
  412.0     0.5033189805727567 
  413.0      0.502070800742303 
  414.0     0.5008246508709153 
  415.0    0.49958055095818993 
  416.0     0.4983385460032198 
  417.0    0.49709864600580334 
  418.0    0.49586085596583945 
  419.0    0.49462519588292503 
  420.0     0.4933916857566567 
  421.0    0.49216034558663124 
  422.0     0.4909311803727478 
  423.0     0.4897041951149055 
  424.0     0.4884793998129027 
  425.0    0.48725681946623545 
  426.0    0.48603643907520605 
  427.0     0.4848182786394112 
  428.0     0.4836023331589518 
  429.0     0.4823886126336262 
  430.0     0.4811770970638377 
  431.0     0.4799678164489813 
  432.0     0.4787607457895612 
  433.0     0.4775558850855772 
  434.0     0.4763532343370296 
  435.0     0.4751527685444223 
  436.0     0.4739545077073521 
  437.0    0.47275841682652475 
  438.0      0.471564490902041 
  439.0    0.47037271993410257 
  440.0     0.4691830989228102 
  441.0    0.46799558786897055 
  442.0    0.46681019677238206 
  443.0     0.4656268856338512 
  444.0    0.46444565445337793 
  445.0     0.4632664682316681 
  446.0     0.4620893119690241 
  447.0    0.46091416566584936 
  448.0     0.4597410143224462 
  449.0     0.4585698229395204 
  450.0    0.45740056651757616 
  451.0    0.45623323005691585 
  452.0     0.4550677885580437 
  453.0     0.4539042070216654 
  454.0     0.4527424654481842 
  455.0     0.4515825438380035 
  456.0     0.4504244221915265 
  457.0     0.4492680605095598 
  458.0     0.4481134437924059 
  459.0     0.4469605470405689 
  460.0     0.4458093352547545 
  461.0    0.44465979343526535 
  462.0    0.44351190658240375 
  463.0     0.4423656346969763 
  464.0    0.44122097277908395 
  465.0     0.4400778908293314 
  466.0    0.43893635384842467 
  467.0     0.4377963668362628 
  468.0      0.436657909793249 
  469.0     0.4355209477200892 
  470.0    0.43438548061678334 
  471.0     0.4332514834838355 
  472.0     0.4321189513213466 
  473.0    0.43098786412971984 
  474.0    0.42985821690905607 
  475.0    0.42872999465965766 
  476.0    0.42760320238142396 
  477.0    0.42647783007455653 
  478.0     0.4253538577394587 
  479.0     0.4242312953759287 
  480.0     0.4231101429839667 
  481.0     0.4219904005635726 
  482.0     0.4208720681147464 
  483.0      0.419755140637589 
  484.0    0.41863964313159624 
  485.0    0.41752555559717136 
  486.0      0.416412923033407 
  487.0     0.4153017254407065 
  488.0    0.41419199281846486 
  489.0      0.413083725166682 
  490.0     0.4119769374850556 
  491.0     0.4108716547730815 
  492.0     0.4097678970303564 
  493.0      0.408665684256477 
  494.0    0.40756502645124165 
  495.0    0.40646595361404536 
  496.0     0.4053684657448882 
  497.0     0.4042726428421571 
  498.0    0.40317844490665844 
  499.0    0.40208594693687993 
  500.0    0.40099515393272095 
  501.0     0.3999060908936771 
  502.0    0.39881879281904287 
  503.0     0.3977332847083138 
  504.0     0.3966496065606837 
  505.0    0.39556778337564824 
  506.0     0.3944878451526025 
  507.0    0.39340982189094154 
  508.0      0.392333728590363 
  509.0      0.391259630249556 
  510.0     0.3901875318684198 
  511.0    0.38911747344614794 
  512.0      0.388049474982337 
  513.0     0.3869835814760795 
  514.0    0.38591980792707314 
  515.0     0.3848581993344104 
  516.0     0.3837987606979905 
  517.0     0.3827415420168052 
  518.0     0.3816865532906529 
  519.0    0.38063383451872695 
  520.0     0.3795833807011282 
  521.0    0.37853526183644504 
  522.0    0.37748945792508093 
  523.0     0.3764460089662292 
  524.0      0.375404919959789 
  525.0     0.3743662309049538 
  526.0    0.37332993680182436 
  527.0     0.3722960626498967 
  528.0    0.37126462844876734 
  529.0    0.37023562419863804 
  530.0    0.36920907989890384 
  531.0     0.3681849905496656 
  532.0    0.36716335615092327 
  533.0     0.3661442067020718 
  534.0     0.3651275172036156 
  535.0     0.3641133076551511 
  536.0      0.363101563056981 
  537.0     0.3620922984088026 
  538.0     0.3610854787113218 
  539.0     0.3600811239641352 
  540.0     0.3590792141676463 
  541.0    0.35807972932225823 
  542.0    0.35708267942776933 
  543.0    0.35608803448478465 
  544.0    0.35509578949340487 
  545.0     0.3541059094543359 
  546.0    0.35311838436777915 
  547.0    0.35213319923403746 
  548.0     0.3511503240537155 
  549.0    0.35016974382711574 
  550.0     0.3491914085552465 
  551.0    0.34821532323800697 
  552.0     0.3472414428763044 
  553.0    0.34626974247064307 
  554.0    0.34530019202162787 
  555.0     0.3443327515300654 
  556.0     0.3433674009963589 
  557.0    0.34240410542121413 
  558.0     0.3414428148056394 
  559.0      0.340483509150038 
  560.0     0.3395261484552164 
  561.0    0.33857071272157796 
  562.0    0.33761713195053417 
  563.0     0.3366653911423876 
  564.0    0.33571545529784397 
  565.0    0.33476727941781054 
  566.0     0.3338208135032957 
  567.0     0.3328760525544003 
  568.0     0.3319329365723341 
  569.0    0.33099142055800446 
  570.0     0.3300514845118148 
  571.0    0.32911309343447087 
  572.0     0.3281761973269809 
  573.0     0.3272407611900506 
  574.0    0.32630675502428497 
  575.0      0.325374153830188 
  576.0    0.32444289760896966 
  577.0     0.3235129713609325 
  578.0     0.3225843450866813 
  579.0     0.3216569837869219 
  580.0     0.3207308524623601 
  581.0    0.31980591611370157 
  582.0     0.3188821547413496 
  583.0     0.3179595383459093 
  584.0     0.3170380319280861 
  585.0      0.316117625488082 
  586.0    0.31519828902650177 
  587.0     0.3142799925439503 
  588.0    0.31336271604083105 
  589.0    0.31244643951754714 
  590.0     0.3115311429745019 
  591.0     0.3106168114119978 
  592.0     0.3097034248304383 
  593.0    0.30879095823032726 
  594.0     0.3078794216114632 
  595.0     0.3069687699747535 
  596.0     0.3060590133199964 
  597.0     0.3051501366474945 
  598.0     0.3042421149577519 
  599.0    0.30333495825056683 
  600.0    0.30242865152624193 
  601.0     0.3015231847849788 
  602.0    0.30061855302687823 
  603.0     0.2997147612518393 
  604.0     0.2988117894602656 
  605.0     0.2979096426520559 
  606.0     0.2970083208272105 
  607.0     0.2961078239857293 
  608.0     0.2952081471277132 
  609.0     0.2943093002529604 
  610.0     0.2934112633618743 
  611.0     0.2925140614539508 
  612.0      0.291617699529089 
  613.0    0.29072216758749064 
  614.0    0.28982746562915557 
  615.0    0.28893360865378154 
  616.0    0.28804059666136833 
  617.0     0.2871484446516136 
  618.0     0.2862571476246181 
  619.0    0.28536670558038196 
  620.0     0.2844771485183001 
  621.0     0.2835884564387759 
  622.0     0.2827006743409019 
  623.0    0.28181376722538387 
  624.0     0.2809277600917177 
  625.0    0.28004265793980265 
  626.0     0.2791584807692353 
  627.0    0.27827522858001563 
  628.0    0.27739289137234546 
  629.0     0.2765115041455189 
  630.0    0.27563107689933436 
  631.0    0.27475158963419505 
  632.0     0.2738730673495969 
  633.0     0.2729955150454391 
  634.0     0.2721189477214192 
  635.0    0.27124336037763797 
  636.0     0.2703687780135913 
  637.0     0.2694951856295818 
  638.0    0.26862261322500436 
  639.0    0.26775104580016146 
  640.0    0.26688050335464986 
  641.0     0.2660110008881671 
  642.0    0.26514254340061233 
  643.0     0.2642751208921872 
  644.0    0.26340875836238764 
  645.0      0.262543440811516 
  646.0     0.2616792032388667 
  647.0    0.26081604064454045 
  648.0      0.259953948028638 
  649.0    0.25909296039045376 
  650.0    0.25823304773059247 
  651.0    0.25737424504834866 
  652.0     0.2565165623435203 
  653.0     0.2556599946162086 
  654.0     0.2548045418664133 
  655.0    0.25395022909363035 
  656.0    0.25309704129816224 
  657.0      0.252245008479404 
  658.0    0.25139414063715404 
  659.0    0.25054442277171485 
  660.0    0.24969587988258216 
  661.0    0.24884851696965532 
  662.0    0.24800234903263177 
  663.0    0.24715737107161234 
  664.0    0.24631360308619377 
  665.0    0.24547104507637604 
  666.0    0.24462973704135255 
  667.0     0.2437896489817283 
  668.0     0.2429508058969991 
  669.0    0.24211322778676167 
  670.0    0.24127691965091524 
  671.0    0.24044188648935894 
  672.0    0.23960815330158866 
  673.0    0.23877572008760442 
  674.0    0.23794460184710375 
  675.0     0.2371148285794817 
  676.0    0.23628638528504073 
  677.0    0.23545929696327675 
  678.0     0.2346335886136856 
  679.0    0.23380925523636814 
  680.0    0.23298632183082027 
  681.0    0.23216479839684032 
  682.0    0.23134469993412582 
  683.0     0.2305260414423743 
  684.0    0.22970882792148495 
  685.0     0.2288930993706512 
  686.0    0.22807884579007465 
  687.0    0.22726608217945285 
  688.0    0.22645484353808007 
  689.0    0.22564512986595625 
  690.0     0.2248369511628798 
  691.0    0.22403033242834658 
  692.0    0.22322528366215497 
  693.0    0.22242181986400242 
  694.0     0.2216199510336874 
  695.0     0.2208196871710082 
  696.0    0.22002104327566233 
  697.0    0.21922403934724657 
  698.0    0.21842869038545837 
  699.0    0.21763500139019695 
  700.0     0.2168429773613615 
  701.0     0.2160526382985487 
  702.0     0.2152639942015569 
  703.0    0.21447704507038615 
  704.0     0.2136918109046331 
  705.0    0.21290829170429776 
  706.0    0.21212650746897688 
  707.0    0.21134644819887205 
  708.0    0.21056813389358003 
  709.0    0.20979155455330245 
  710.0    0.20901674017743432 
  711.0     0.2082436657664798 
  712.0     0.2074723563199348 
  713.0    0.20670279683810175 
  714.0     0.2059350023206782 
  715.0     0.2051689577679666 
  716.0    0.20440468317956367 
  717.0    0.20364215355597354 
  718.0     0.2028813838968937 
  719.0    0.20212236920242502 
  720.0    0.20136509447286993 
  721.0    0.20060955970822847 
  722.0    0.19985576490850063 
  723.0    0.19910369007408968 
  724.0    0.19835333520499562 
  725.0    0.19760470030121843 
  726.0    0.19685777036306062 
  727.0    0.19611252039102633 
  728.0    0.19536895538501464 
  729.0     0.1946270703451265 
  730.0    0.19388683527196673 
  731.0    0.19314824016573706 
  732.0    0.19241128502643745 
  733.0    0.19167593485477366 
  734.0    0.19094219465064488 
  735.0    0.19021003441465603 
  736.0     0.1894794591467063 
  737.0     0.1887504238477031 
  738.0    0.18802294351734397 
  739.0    0.18729697315653632 
  740.0    0.18657251776517925 
  741.0    0.18584954734387782 
  742.0    0.18512806189263192 
  743.0     0.1844080214122482 
  744.0    0.18368943090262585 
  745.0     0.1829722503645714 
  746.0    0.18225648479798404 
  747.0     0.1815421142032671 
  748.0    0.18082910858102547 
  749.0       0.18011746293136 
  750.0    0.17940716725447234 
  751.0     0.1786982015507657 
  752.0    0.17799054082074434 
  753.0    0.17728419006430735 
  754.0    0.17657912428195885 
  755.0     0.1758753284740013 
  756.0    0.17517280264043478 
  757.0    0.17447152178176326 
  758.0     0.1737714808980877 
  759.0    0.17307267498950885 
  760.0     0.1723751040560267 
  761.0    0.17167871809864957 
  762.0    0.17098356211646992 
  763.0     0.1702896011101936 
  764.0    0.16959683507982062 
  765.0    0.16890526402535094 
  766.0    0.16821488794678455 
  767.0     0.1675256818446256 
  768.0    0.16683767571826913 
  769.0     0.1661508395683201 
  770.0    0.16546519839427437 
  771.0    0.16478074219633362 
  772.0    0.16409747597439697 
  773.0     0.1634153947285653 
  774.0    0.16273452345833447 
  775.0    0.16205484216410776 
  776.0     0.1613763858451794 
  777.0    0.16069914450175113 
  778.0    0.16002312813362118 
  779.0    0.15934833674078963 
  780.0    0.15867479532275233 
  781.0     0.1580025138793076 
  782.0     0.1573314874105564 
  783.0    0.15666175591569198 
  784.0    0.15599330939491604 
  785.0    0.15532616784782535 
  786.0     0.1546603412742182 
  787.0    0.15399585967348967 
  788.0     0.1533327180457406 
  789.0    0.15267094639036602 
  790.0    0.15201055470716435 
  791.0    0.15135155799583302 
  792.0    0.15069397125606962 
  793.0    0.15003781948737002 
  794.0    0.14938310768963345 
  795.0    0.14872986086235573 
  796.0    0.14807809900513355 
  797.0    0.14742782711786614 
  798.0    0.14677907020004943 
  799.0    0.14613184325138084 
  800.0     0.1454861662714571 
  801.0     0.1448420442601775 
  802.0    0.14419950221703778 
  803.0    0.14355856014163473 
  804.0    0.14291921803396834 
  805.0    0.14228150589343366 
  806.0    0.14164542871992986 
  807.0     0.1410110015131545 
  808.0    0.14037823927280507 
  809.0    0.13974715199867996 
  810.0     0.1391177496905775 
  811.0    0.13849005734799358 
  812.0      0.137864069971029 
  813.0     0.1372397975594822 
  814.0    0.13661726011294983 
  815.0    0.13599646263133106 
  816.0    0.13537740511462587 
  817.0    0.13476009756263263 
  818.0    0.13414455497504893 
  819.0    0.13353077235197555 
  820.0     0.1329187596932108 
  821.0    0.13230851199885554 
  822.0    0.13170004426860732 
  823.0    0.13109335150256696 
  824.0     0.1304884387006336 
  825.0     0.1298853008629081 
  826.0    0.12928393798939045 
  827.0    0.12868436507977815 
  828.0    0.12808655713457537 
  829.0     0.1274905291534796 
  830.0    0.12689626613679333 
  831.0    0.12630377808431492 
  832.0      0.125713054996246 
  833.0     0.1251240868727882 
  834.0    0.12453687371394156 
  835.0    0.12395141551970604 
  836.0    0.12336770229028332 
  837.0    0.12278572402587502 
  838.0    0.12220548072648116 
  839.0    0.12162695739240417 
  840.0    0.12105015402364412 
  841.0    0.12047506562030177 
  842.0    0.11990167718267959 
  843.0    0.11932998871077766 
  844.0    0.11875999020479752 
  845.0    0.11819167166494086 
  846.0    0.11762503309120771 
  847.0    0.11706005948390051 
  848.0    0.11649675084301925 
  849.0     0.1159350971687656 
  850.0    0.11537508846134117 
  851.0      0.114816724720746 
  852.0     0.1142600009470809 
  853.0    0.11370490214064832 
  854.0    0.11315142830144831 
  855.0     0.1125995794294808 
  856.0    0.11204934552494748 
  857.0    0.11150072658784836 
  858.0    0.11095371761828422 
  859.0    0.11040831361635593 
  860.0    0.10986450958216427 
  861.0    0.10932231551550764 
  862.0    0.10878172141658764 
  863.0     0.1082427272854043 
  864.0    0.10770533812185677 
  865.0    0.10716954392614673 
  866.0     0.1066353596979717 
  867.0    0.10610278043743247 
  868.0    0.10557181114442828 
  869.0    0.10504244181916071 
  870.0     0.1045146974611257 
  871.0    0.10398856807052487 
  872.0    0.10346406364715656 
  873.0    0.10294118919091996 
  874.0     0.1024199397019159 
  875.0    0.10190034017964028 
  876.0    0.10138238562419388 
  877.0    0.10086609103527427 
  878.0    0.10035145641288143 
  879.0    0.09983849175681372 
  880.0    0.09932720206697032 
  881.0    0.09881760734294794 
  882.0    0.09830970258484739 
  883.0    0.09780350779226536 
  884.0    0.09729902796510109 
  885.0    0.09679627310315288 
  886.0    0.09629524820631992 
  887.0    0.09579596827429974 
  888.0    0.09529844330689072 
  889.0    0.09480267830399199 
  890.0    0.09430868826530113 
  891.0    0.09381647319081811 
  892.0    0.09332605308013964 
  893.0     0.0928374329331649 
  894.0    0.09235061774979307 
  895.0    0.09186562252972169 
  896.0    0.09138244727295075 
  897.0    0.09090110697917775 
  898.0    0.09042160164840277 
  899.0    0.08994394128042409 
  900.0    0.08946813587504007 
  901.0    0.08899418043235159 
  902.0    0.08852209495195529 
  903.0    0.08805187443395204 
  904.0    0.08758351887834182 
  905.0    0.08711704328482216 
  906.0    0.08665244265349388 
  907.0    0.08618971698435701 
  908.0    0.08572886627741151 
  909.0    0.08526990053245576 
  910.0     0.0848128097496914 
  911.0    0.08435759392911842 
  912.0    0.08390425307073682 
  913.0    0.08345278717454663 
  914.0    0.08300319124064863 
  915.0    0.08255545526924449 
  916.0    0.08210957926033421 
  917.0    0.08166555821401861 
  918.0    0.08122337713060017 
  919.0    0.08078304600987721 
  920.0    0.08034453985235387 
  921.0      0.079907853658131 
  922.0    0.07947298242730935 
  923.0    0.07903992115998981 
  924.0     0.0786086398567773 
  925.0    0.07817914351757098 
  926.0    0.07775142714247166 
  927.0    0.07732546073208434 
  928.0    0.07690123428661061 
  929.0    0.07647874280615133 
  930.0    0.07605797129100891 
  931.0     0.0756388997415867 
  932.0    0.07522151815808634 
  933.0     0.0748058065409111 
  934.0      0.074391764890061 
  935.0    0.07397936320614094 
  936.0    0.07356859148935262 
  937.0    0.07315943473999846 
  938.0    0.07275187795838096 
  939.0    0.07234590114490341 
  940.0    0.07194149429976746 
  941.0    0.07153864242327554 
  942.0    0.07113733051573015 
  943.0    0.07073754357743377 
  944.0    0.07033926660868883 
  945.0    0.06994247960989866 
  946.0    0.06954717758116408 
  947.0    0.06915334052288835 
  948.0    0.06876095843527315 
  949.0    0.06837001631862094 
  950.0    0.06798050917303251 
  951.0    0.06759240699911286 
  952.0     0.0672057197966603 
  953.0    0.06682042756607813 
  954.0      0.066436520307568 
  955.0    0.06605398302143238 
  956.0    0.06567281570767126 
  957.0    0.06529300336658711 
  958.0    0.06491454599817995 
  959.0    0.06453742860275223 
  960.0    0.06416164618040478 
  961.0     0.0637871987311376 
  962.0    0.06341407625515232 
  963.0    0.06304227375254978 
  964.0    0.06267179122332998 
  965.0    0.06230262366759374 
  966.0    0.06193477108534107 
  967.0    0.06156823347657194 
  968.0   0.061203000841488026 
  969.0   0.060839083179887676 
  970.0    0.06047648049177088 
  971.0     0.0601151827773393 
  972.0    0.05975521003618962 
  973.0    0.05939654726862433 
  974.0    0.05903921447424013 
  975.0    0.05868320165323866 
  976.0    0.05832851880541829 
  977.0    0.05797517093067818 
  978.0   0.057623158029018344 
  979.0   0.057272490100237126 
  980.0    0.05692317214423371 
  981.0    0.05657521416080645 
  982.0    0.05622862114985451 
  983.0    0.05588339311137791 
  984.0   0.055539550044973345 
  985.0    0.05519708695074164 
  986.0    0.05485601882838032 
  987.0    0.05451635067778858 
  988.0    0.05417809749866394 
  989.0    0.05384125429110722 
  990.0    0.05350583605481596 
  991.0    0.05317185778948767 
  992.0    0.05283931949512238 
  993.0    0.05250823117151843 
  994.0    0.05217860281847416 
  995.0   0.051850439435888775 
  996.0    0.05152375102356061 
  997.0    0.05119854258138884 
  998.0    0.05087482910907101 
  999.0    0.05055260560670794 
 1000.0    0.05023189207389633 
 1001.0      0.049912683510737 
 1002.0    0.04959499991682668 
 1003.0    0.04927883129236699 
 1004.0    0.04896419763695464 
 1005.0    0.04865109895058966 
 1006.0    0.04833953023337285 
 1007.0    0.04802951648480008 
 1008.0   0.047721052704972206 
 1009.0   0.047414133893990025 
 1010.0   0.047108780051450264 
 1011.0   0.046804986177453725 
 1012.0    0.04650274727210126 
 1013.0    0.04620208333498955 
 1014.0    0.04590297936642108 
 1015.0    0.04560544536619419 
 1016.0   0.045309486334208074 
 1017.0   0.045015097270563534 
 1018.0    0.04472228317515977 
 1019.0   0.044431039048097594 
 1020.0    0.04414136488937701 
 1021.0    0.04385326569889718 
 1022.0    0.04356673647675895 
 1023.0     0.0432817772229623 
 1024.0    0.04299838793750724 
 1025.0    0.04271656362049459 
 1026.0   0.042436309271823534 
 1027.0   0.042157609891796524 
 1028.0    0.04188047548021194 
 1029.0   0.041604901037170586 
 1030.0    0.04133087656287411 
 1031.0   0.041058412057120866 
 1032.0    0.04078749252021333 
 1033.0   0.040518117952151496 
 1034.0   0.040250288352935364 
 1035.0    0.03998399872266575 
 1036.0    0.03971923906154432 
 1037.0    0.03945601936936941 
 1038.0   0.039194324646443505 
 1039.0    0.03893415489276659 
 1040.0    0.03867551510823784 
 1041.0    0.03841838529326056 
 1042.0    0.03816277044773392 
 1043.0    0.03790867057165793 
 1044.0    0.03765607566523421 
 1045.0   0.037404985728462785 
 1046.0    0.03715539576144447 
 1047.0    0.03690730076428009 
 1048.0    0.03666070073696964 
 1049.0   0.036415590679613946 
 1050.0    0.03617197059221301 
 1051.0    0.03592983047496848 
 1052.0   0.035689175327779515 
 1053.0     0.0354499901509486 
 1054.0    0.03521228494427409 
 1055.0    0.03497604970795764 
 1056.0    0.03474127444220087 
 1057.0    0.03450796914680215 
 1058.0    0.03427613382176148 
 1059.0    0.03404574846748215 
 1060.0    0.03381681308396416 
 1061.0    0.03358933267110669 
 1062.0    0.03336330722890973 
 1063.0   0.033138716757776576 
 1064.0    0.03291557125750559 
 1065.0    0.03269386072829842 
 1066.0    0.03247358517015504 
 1067.0    0.03225473458327713 
 1068.0   0.032037308967664664 
 1069.0    0.03182130332341849 
 1070.0     0.0316067126506394 
 1071.0   0.031393526949529064 
 1072.0    0.03118174622008747 
 1073.0    0.03097136046251627 
 1074.0   0.030762369676815466 
 1075.0   0.030554763863186698 
 1076.0   0.030348528021932438 
 1077.0    0.03014366715295186 
 1078.0   0.029940171256446612 
 1079.0   0.029738020332819987 
 1080.0   0.029537214382071988 
 1081.0    0.02933774340440425 
 1082.0   0.029139597400018428 
 1083.0   0.028942766369116166 
 1084.0    0.02874724031189911 
 1085.0    0.02855299922877055 
 1086.0   0.028360038119831316 
 1087.0   0.028168341985383864 
 1088.0   0.027977900825629853 
 1089.0   0.027788694640972562 
 1090.0    0.02760071343161365 
 1091.0    0.02741394219785558 
 1092.0   0.027228360940101646 
 1093.0   0.027043959658553485 
 1094.0   0.026860718353614397 
 1095.0   0.026678622025586855 
 1096.0   0.026497640675075786 
 1097.0     0.0263177743020812 
 1098.0   0.026138992907208024 
 1099.0   0.025961276490859563 
 1100.0   0.025784615053237453 
 1101.0   0.025608978594946635 
 1102.0   0.025434352116289576 
 1103.0   0.025260710617770393 
 1104.0   0.025088034099792378 
 1105.0   0.024916302562758823 
 1106.0   0.024745496007073018 
 1107.0   0.024575589433239075 
 1108.0   0.024406562841660297 
 1109.0   0.024238391232840786 
 1110.0    0.02407105460718385 
 1111.0   0.023904532965092762 
 1112.0   0.023738806306970818 
 1113.0   0.023573844633422967 
 1114.0    0.02340963294475167 
 1115.0   0.023246146241461037 
 1116.0   0.023083359524055196 
 1117.0   0.022921267792634963 
 1118.0   0.022759826048107737 
 1119.0    0.02259903429047353 
 1120.0   0.022438862520337277 
 1121.0    0.02227930073790062 
 1122.0   0.022120313943869322 
 1123.0   0.021961902138243384 
 1124.0   0.021804040321526916 
 1125.0    0.02164670349422404 
 1126.0   0.021489891656334748 
 1127.0   0.021333579808363163 
 1128.0    0.02117775295061175 
 1129.0    0.02102240108328216 
 1130.0   0.020867504206777673 
 1131.0   0.020713062321098295 
 1132.0     0.0205590604265465 
 1133.0   0.020405493523223107 
 1134.0   0.020252341611531402 
 1135.0   0.020099604691471398 
 1136.0   0.019947272763244726 
 1137.0   0.019795345826851402 
 1138.0    0.01964381388249306 
 1139.0   0.019492676930169706 
 1140.0   0.019341934969881333 
 1141.0   0.019191588001627947 
 1142.0   0.019041631025510368 
 1143.0    0.01889206904142778 
 1144.0   0.018742902049380176 
 1145.0   0.018594135049266734 
 1146.0   0.018445778040885808 
 1147.0   0.018297836024136576 
 1148.0   0.018150308999019035 
 1149.0   0.018003211965230723 
 1150.0   0.017856554922569986 
 1151.0   0.017710342870936008 
 1152.0    0.01756458581012714 
 1153.0   0.017419308739639264 
 1154.0   0.017274511659472386 
 1155.0    0.01713021456922321 
 1156.0   0.016986427468690092 
 1157.0   0.016843175357368918 
 1158.0   0.016700463235158863 
 1159.0   0.016558321101454988 
 1160.0   0.016416753956156473 
 1161.0   0.016275786798759205 
 1162.0   0.016135434628960707 
 1163.0   0.015995722446256872 
 1164.0   0.015856665250345226 
 1165.0     0.0157182780409233 
 1166.0   0.015580590817386166 
 1167.0   0.015443618579431348 
 1168.0   0.015307381326655548 
 1169.0   0.015171899058655482 
 1170.0   0.015037196774927031 
 1171.0   0.014903289475167733 
 1172.0   0.014770197158974289 
 1173.0   0.014637939825943408 
 1174.0    0.01450654247557098 
 1175.0   0.014376020107554531 
 1176.0   0.014246392721490772 
 1177.0   0.014117675317077232 
 1178.0   0.013989892893809797 
 1179.0   0.013863050451587644 
 1180.0   0.013737177989805834 
 1181.0   0.013612280508363548 
 1182.0    0.01348838300675667 
 1183.0    0.01336549548478355 
 1184.0   0.013243622942343367 
 1185.0   0.013122795378831185 
 1186.0    0.01300301779414618 
 1187.0   0.012884290188288353 
 1188.0   0.012766637560753587 
 1189.0   0.012650054911642707 
 1190.0   0.012534567240451596 
 1191.0    0.01242016954728108 
 1192.0   0.012306871831929508 
 1193.0    0.01219466909449771 
 1194.0   0.012083576334683212 
 1195.0    0.01197359855238519 
 1196.0   0.011864725747805295 
 1197.0     0.0117569629208427 
 1198.0   0.011650310071497407 
 1199.0   0.011544772199668594 
 1200.0   0.011440334305658726 
 1201.0   0.011337001389366984 
 1202.0   0.011234758451095834 
 1203.0   0.011133610490744454 
 1204.0   0.011033552508413667 
 1205.0   0.010934569504405944 
 1206.0   0.010836646479023751 
 1207.0   0.010739788432166266 
 1208.0   0.010643970364337603 
 1209.0    0.01054919727543694 
 1210.0   0.010455444165968393 
 1211.0   0.010362706036032784 
 1212.0   0.010270957886134224 
 1213.0    0.01018019971627272 
 1214.0   0.010090411526851561 
 1215.0    0.01000158331807239 
 1216.0    0.00991368509054015 
 1217.0   0.009826716844254835 
 1218.0   0.009740648579821388 
 1219.0   0.009655475297340628 
 1220.0   0.009571171997316674 
 1221.0   0.009487728679951169 
 1222.0   0.009405120345748228 
 1223.0   0.009323341994808675 
 1224.0   0.009242363627737445 
 1225.0   0.009162175244736191 
 1226.0   0.009082756846208196 
 1227.0   0.009004093432455933 
 1228.0   0.008926165003882696 
 1229.0   0.008848961560690129 
 1230.0   0.008772458103382346 
 1231.0   0.008696644632160994 
 1232.0    0.00862150614732854 
 1233.0   0.008547022649288277 
 1234.0   0.008473184138241852 
 1235.0   0.008399975614491734 
 1236.0    0.00832738207834039 
 1237.0   0.008255388530090292 
 1238.0    0.00818398496994308 
 1239.0   0.008113166397999584 
 1240.0   0.008042907814763915 
 1241.0   0.007973209220236074 
 1242.0   0.007904055614718528 
 1243.0   0.007835436998412928 
 1244.0    0.00776734837142009 
 1245.0   0.007699779733941665 
 1246.0  0.0076327210861792975 
 1247.0   0.007566172428132987 
 1248.0   0.007500123760004378 
 1249.0   0.007434565081995121 
 1250.0   0.007369496394105212 
 1251.0  0.0073049176963346524 
 1252.0    0.00724081898888509 
 1253.0   0.007177195271857343 
 1254.0   0.007114051545150592 
 1255.0   0.007051382808865659 
 1256.0   0.006989184063103367 
 1257.0   0.006927465307662071 
 1258.0   0.006866216542743416 
 1259.0   0.006805437768347401 
 1260.0   0.006745133984373205 
 1261.0    0.00668530019092165 
 1262.0   0.006625941387891914 
 1263.0   0.006567062575183171 
 1264.0  0.0065086587528962484 
 1265.0  0.0064507349209303195 
 1266.0   0.006393291079285386 
 1267.0  0.0063363272279614484 
 1268.0  0.0062798433669585055 
 1269.0   0.006223849496074911 
 1270.0   0.006168345615310667 
 1271.0   0.006113336724564949 
 1272.0   0.006058807824140226 
 1273.0   0.006004773913734029 
 1274.0   0.005951234993346359 
 1275.0   0.005898196062876391 
 1276.0   0.005845642122626597 
 1277.0  0.0057935931721936835 
 1278.0    0.00574202921198094 
 1279.0   0.005690970241585078 
 1280.0   0.005640401261308566 
 1281.0   0.005590322271151402 
 1282.0   0.005540733271113588 
 1283.0   0.005491629261295946 
 1284.0   0.005443015241597653 
 1285.0   0.005394881212220356 
 1286.0   0.005347222173264876 
 1287.0   0.005300038124731215 
 1288.0   0.005253324066720195 
 1289.0   0.005207064999534285 
 1290.0   0.005161265923072662 
 1291.0   0.005115906837738617 
 1292.0   0.005070992743431328 
 1293.0   0.005026508640453265 
 1294.0   0.004982444529006072 
 1295.0   0.004938795409190574 
 1296.0   0.004895551281208414 
 1297.0   0.004852692145462887 
 1298.0  0.0048102180019539914 
 1299.0   0.004768108851085017 
 1300.0   0.004726364692855968 
 1301.0   0.004684960527770958 
 1302.0   0.004643891355930807 
 1303.0   0.004603132177839635 
 1304.0  0.0045626829934974356 
 1305.0   0.004522523803307506 
 1306.0    0.00448264460747149 
 1307.0    0.00444302540639268 
 1308.0   0.004403651200373544 
 1309.0   0.004364511989615729 
 1310.0  0.0043255927744217035 
 1311.0   0.004286873555194759 
 1312.0   0.004248344332136542 
 1313.0  0.0042099901055495225 
 1314.0   0.004171790875836989 
 1315.0   0.004133746642998944 
 1316.0   0.004095822407741148 
 1317.0   0.004058023169962778 
 1318.0   0.004020323930167947 
 1319.0   0.003982714688558306 
 1320.0  0.0039451904452346715 
 1321.0   0.003907726200701163 
 1322.0  0.0038703219549577786 
 1323.0  0.0038329527085086326 
 1324.0  0.0037956284611520806 
 1325.0    0.00375831921349306 
 1326.0   0.003721029965430747 
 1327.0   0.003683750717166788 
 1328.0  0.0036464614691044755 
 1329.0  0.0036091722210421623 
 1330.0  0.0035718679732823187 
 1331.0  0.0035345487258249438 
 1332.0   0.003497204478871684 
 1333.0  0.0034598402323217153 
 1334.0   0.003422450986275862 
 1335.0   0.003385026740935769 
 1336.0   0.003347582495998968 
 1337.0  0.0033101082516671055 
 1338.0   0.003272614007738534 
 1339.0  0.0032350947643140773 
 1340.0  0.0031975605211920903 
 1341.0  0.0031600162782717484 
 1342.0   0.003122462035553053 
 1343.0  0.0030849127927335346 
 1344.0   0.003047363549914016 
 1345.0  0.0030098393065903827 
 1346.0  0.0029723350628634575 
 1347.0  0.0029348758182291255 
 1348.0  0.0028974615726873867 
 1349.0  0.0028601123258349495 
 1350.0  0.0028228380774701677 
 1351.0  0.0027856488273913954 
 1352.0   0.002748564575195341 
 1353.0  0.0027116003205795358 
 1354.0   0.002674771063241509 
 1355.0  0.0026380818030804407 
 1356.0   0.002601572539289745 
 1357.0   0.002565238271970246 
 1358.0  0.0025291090005170043 
 1359.0  0.0024931997246275526 
 1360.0  0.0024575304438985987 
 1361.0  0.0024221211579268506 
 1362.0  0.0023869868664098386 
 1363.0   0.002352142569045095 
 1364.0  0.0023176132653285044 
 1365.0  0.0022834139549575984 
 1366.0   0.002249569637428261 
 1367.0  0.0022160903125388477 
 1368.0  0.0021830009797852426 
 1369.0   0.002150316638864977 
 1370.0  0.0021180522894755824 
 1371.0   0.002086232931112944 
 1372.0  0.0020548635636762386 
 1373.0   0.002023974186560528 
 1374.0  0.0019935697996649898 
 1375.0  0.0019636704025863317 
 1376.0  0.0019342809952237314 
 1377.0    0.00190543157697225 
 1378.0   0.001877122147831889 
 1379.0  0.0018493677075001782 
 1380.0  0.0018221832556746492 
 1381.0  0.0017955687923553022 
 1382.0   0.001769539317239668 
 1383.0  0.0017441048301261005 
 1384.0   0.001719270330913777 
 1385.0  0.0016950408195018747 
 1386.0  0.0016714212957895705 
 1387.0  0.0016484117597768643 
 1388.0  0.0016260172113629328 
 1389.0  0.0016042476503461307 
 1390.0  0.0015830880770289267 
 1391.0  0.0015625534911088519 
 1392.0   0.001542623892989198 
 1393.0   0.001523309282468319 
 1394.0   0.001504599659747861 
 1395.0   0.001486490024928647 
 1396.0  0.0014689753781115002 
 1397.0  0.0014520457194980665 
 1398.0  0.0014356910492899911 
 1399.0  0.0014199063675880978 
 1400.0  0.0014046766746948548 
 1401.0  0.0013899869709127317 
 1402.0  0.0013758272564433737 
 1403.0  0.0013621775316900735 
 1404.0  0.0013490377966528305 
 1405.0   0.001336378051936583 
 1406.0  0.0013241882977429761 
 1407.0  0.0013124485344753023 
 1408.0  0.0013011387625368534 
 1409.0  0.0012902439822300984 
 1410.0  0.0012797441939583288 
 1411.0  0.0012696193981248367 
 1412.0   0.001259844595233737 
 1413.0  0.0012503997856883214 
 1414.0   0.001241269969791059 
 1415.0  0.0012324251481468877 
 1416.0   0.001223855320957453 
 1417.0  0.0012155254889285158 
 1418.0  0.0012074206523625451 
 1419.0  0.0011995158117636558 
 1420.0  0.0011917859676359626 
 1421.0  0.0011842161202819345 
 1422.0  0.0011767812702056862 
 1423.0  0.0011694564179113329 
 1424.0  0.0011622265637013431 
 1425.0  0.0011550617081806545 
 1426.0  0.0011479518515509135 
 1427.0  0.0011408669944170575 
 1428.0  0.0011337921370815557 
 1429.0  0.0011267072799476998 
 1430.0  0.0011195874235196048 
 1431.0  0.0011124225679989164 
 1432.0  0.0011051927137889265 
 1433.0   0.001097882861192104 
 1434.0  0.0010904780105109179 
 1435.0  0.0010829531622494834 
 1436.0  0.0010753083164077996 
 1437.0  0.0010675184734899822 
 1438.0  0.0010595736336976764 
 1439.0  0.0010514637972325288 
 1440.0  0.0010431839641953618 
 1441.0   0.001034714134989468 
 1442.0  0.0010260543096148465 
 1443.0  0.0010171944882731438 
 1444.0   0.001008124671166006 
 1445.0  0.0009988448582934322 
 1446.0  0.0009893450498570696 
 1447.0   0.000979625245856917 
 1448.0  0.0009696804463937984 
 1449.0  0.0009595156513668901 
 1450.0  0.0009491258608770154 
 1451.0   0.000938511074924174 
 1452.0  0.0009276712935083664 
 1453.0  0.0009166165164279463 
 1454.0  0.0009053417437837366 
 1455.0  0.0008938569753740914 
 1456.0  0.0008821672110981882 
 1457.0  0.0008702824507543805 
 1458.0  0.0008581976944434916 
 1459.0  0.0008459329417622294 
 1460.0   0.000833488192710594 
 1461.0  0.0008208884467844706 
 1462.0   0.000808123704185505 
 1463.0  0.0007952139645104057 
 1464.0  0.0007821792273558804 
 1465.0  0.0007690194927219292 
 1466.0  0.0007557447604069063 
 1467.0   0.000742380029906697 
 1468.0  0.0007289353010196548 
 1469.0  0.0007154205735441344 
 1470.0  0.0007018508471776666 
 1471.0  0.0006882411216177826 
 1472.0  0.0006746113964611905 
 1473.0  0.0006609666716070671 
 1474.0  0.0006473319465512978 
 1475.0  0.0006337122211930596 
 1476.0  0.0006201324950282377 
 1477.0  0.0006066027678551863 
 1478.0   0.000593133039472259 
 1479.0  0.0005797533092745186 
 1480.0  0.0005664635772619645 
 1481.0  0.0005532838430313054 
 1482.0  0.0005402341061792489 
 1483.0  0.0005273193666049725 
 1484.0   0.000514559623905184 
 1485.0  0.0005019648778782376 
 1486.0  0.0004895451283224874 
 1487.0 0.00047733037463299556 
 1488.0   0.000465310617011408 
 1489.0  0.0004535108549536099 
 1490.0  0.0004419360883587782 
 1491.0  0.0004306063168236212 
 1492.0 0.00041952154034813886 
 1493.0  0.0004086967586298622 
 1494.0 0.00039814197146714536 
 1495.0 0.00038785717885998826 
 1496.0  0.0003778623804050991 
 1497.0  0.0003681575761024779 
 1498.0 0.00035875276575047865 
 1499.0 0.00034964794934910136 
 1500.0 0.00034085812659587715 
