|bandpass_frequency|bandpass_weight|
|            double|         double|
|               GHz|               |
|              null|           null|
               60.0             0.0 
               62.0             0.0 
               64.0             0.0 
               66.0             0.0 
               68.0             0.0 
               70.0             0.0 
               72.0             0.0 
               74.0             0.0 
               76.0             0.0 
               78.0             0.0 
               80.0             0.0 
               82.0             0.0 
               84.0             0.0 
               86.0             0.0 
               88.0             0.0 
               90.0             0.0 
               92.0             0.0 
               94.0             0.0 
               96.0             0.0 
               98.0             0.0 
              100.0             0.0 
              102.0             0.0 
              104.0             0.0 
              106.0             0.0 
              108.0             0.0 
              110.0             0.0 
              112.0             0.0 
              114.0             0.0 
              116.0          0.0002 
              118.0          0.0007 
              120.0          0.0026 
              122.0          0.0106 
              124.0          0.0464 
              126.0          0.1798 
              128.0          0.4575 
              130.0          0.7494 
              132.0          0.8015 
              134.0          0.9025 
              136.0          0.8641 
              138.0          0.8517 
              140.0          0.8838 
              142.0          0.8982 
              144.0          0.9303 
              146.0          0.9215 
              148.0          0.8912 
              150.0          0.8505 
              152.0          0.8194 
              154.0          0.8162 
              156.0          0.8446 
              158.0          0.8363 
              160.0          0.8191 
              162.0          0.8172 
              164.0          0.7836 
              166.0           0.705 
              168.0          0.5855 
              170.0          0.3042 
              172.0          0.0953 
              174.0           0.056 
              176.0          0.0198 
              178.0          0.0078 
              180.0          0.0038 
              182.0          0.0018 
              184.0          0.0009 
              186.0          0.0005 
              188.0          0.0003 
              190.0          0.0002 
              192.0          0.0001 
              194.0          0.0001 
              196.0             0.0 
              198.0             0.0 
              200.0             0.0 
              202.0             0.0 
              204.0             0.0 
              206.0             0.0 
              208.0             0.0 
              210.0             0.0 
              212.0             0.0 
              214.0             0.0 
              216.0             0.0 
              218.0             0.0 
              220.0             0.0 
