|bandpass_frequency|bandpass_weight|
|            double|         double|
|               GHz|               |
|              null|           null|
               60.0             0.0 
               62.0             0.0 
               64.0             0.0 
               66.0             0.0 
               68.0             0.0 
               70.0          0.0097 
               72.0           0.031 
               74.0          0.1163 
               76.0          0.2872 
               78.0          0.6263 
               80.0          0.7705 
               82.0          0.7946 
               84.0          0.8275 
               86.0            0.81 
               88.0          0.8348 
               90.0          0.8353 
               92.0          0.8089 
               94.0            0.82 
               96.0          0.8218 
               98.0           0.764 
              100.0          0.6819 
              102.0          0.5789 
              104.0          0.4057 
              106.0          0.1968 
              108.0          0.0659 
              110.0          0.0194 
              112.0          0.0061 
              114.0          0.0021 
              116.0          0.0008 
              118.0          0.0003 
              120.0          0.0001 
              122.0          0.0001 
              124.0             0.0 
              126.0             0.0 
              128.0             0.0 
              130.0             0.0 
              132.0             0.0 
              134.0             0.0 
              136.0             0.0 
              138.0             0.0 
              140.0             0.0 
              142.0             0.0 
              144.0             0.0 
              146.0             0.0 
              148.0             0.0 
              150.0             0.0 
              152.0             0.0 
              154.0             0.0 
              156.0             0.0 
              158.0             0.0 
              160.0             0.0 
              162.0             0.0 
              164.0             0.0 
              166.0             0.0 
              168.0             0.0 
              170.0             0.0 
              172.0             0.0 
              174.0             0.0 
              176.0             0.0 
              178.0             0.0 
              180.0             0.0 
              182.0             0.0 
              184.0             0.0 
              186.0             0.0 
              188.0             0.0 
              190.0             0.0 
              192.0             0.0 
              194.0             0.0 
              196.0             0.0 
              198.0             0.0 
              200.0             0.0 
              202.0             0.0 
              204.0             0.0 
              206.0             0.0 
              208.0             0.0 
              210.0             0.0 
              212.0             0.0 
              214.0             0.0 
              216.0             0.0 
              218.0             0.0 
              220.0             0.0 
