|bandpass_frequency|bandpass_weight|
|            double|         double|
|               GHz|               |
|              null|           null|
               10.0     9.14856e-05 
               10.2      9.6967e-05 
               10.4     0.000102738 
               10.6      0.00010881 
               10.8     0.000115199 
               11.0     0.000121924 
               11.2     0.000128997 
               11.4     0.000136439 
               11.6     0.000144267 
               11.8       0.0001525 
               12.0     0.000161163 
               12.2     0.000170276 
               12.4     0.000179866 
               12.6     0.000189952 
               12.8     0.000200568 
               13.0     0.000211735 
               13.2     0.000223488 
               13.4     0.000235856 
               13.6     0.000248873 
               13.8     0.000262573 
               14.0     0.000276989 
               14.2      0.00029216 
               14.4     0.000308129 
               14.6     0.000324926 
               14.8     0.000342602 
               15.0      0.00036119 
               15.2     0.000380734 
               15.4     0.000401281 
               15.6     0.000422866 
               15.8     0.000445527 
               16.0     0.000469303 
               16.2     0.000494226 
               16.4     0.000520323 
               16.6     0.000547611 
               16.8     0.000576106 
               17.0      0.00060579 
               17.2     0.000636649 
               17.4     0.000668641 
               17.6     0.000701688 
               17.8     0.000735679 
               18.0     0.000770457 
               18.2     0.000805805 
               18.4     0.000841429 
               18.6     0.000876936 
               18.8     0.000911835 
               19.0     0.000945464 
               19.2     0.000976988 
               19.4     0.001005353 
               19.6     0.001029242 
               19.8     0.001047008 
               20.0     0.001056666 
               20.2     0.001055893 
               20.4     0.001041985 
               20.6     0.001012207 
               20.8     0.000963848 
               21.0      0.00089532 
               21.2     0.000806975 
               21.4      0.00070278 
               21.6     0.000592747 
               21.8       0.0004934 
               22.0     0.000428283 
               22.2     0.000423166 
               22.4     0.000499335 
               22.6     0.000665284 
               22.8     0.000915946 
               23.0     0.001231835 
               23.2     0.001590087 
               23.4     0.001969487 
               23.6      0.00235159 
               23.8     0.002730063 
               24.0      0.00309837 
               24.2     0.003461134 
               24.4     0.003825521 
               24.6     0.004198003 
               24.8     0.004605102 
               25.0     0.005061682 
               25.2     0.005610399 
               25.4     0.006244919 
               25.6     0.007049231 
               25.8      0.00814564 
               26.0     0.009270666 
               26.2     0.008997471 
               26.4     0.009965869 
               26.6      0.01556381 
               26.8      0.01768501 
               27.0     0.020125678 
               27.2     0.023335923 
               27.4     0.026622817 
               27.6     0.030194275 
               27.8     0.033721813 
               28.0     0.036987752 
               28.2     0.040037609 
               28.4     0.042667447 
               28.6      0.04514775 
               28.8     0.048172787 
               29.0     0.053728922 
               29.2     0.065883596 
               29.4     0.091978758 
               29.6     0.142578739 
               29.8     0.228264173 
               30.0     0.350008308 
               30.2     0.492622901 
               30.4     0.630807647 
               30.6     0.744591233 
               30.8     0.828231045 
               31.0     0.884995511 
               31.2     0.921423368 
               31.4     0.943480026 
               31.6     0.955672432 
               31.8     0.961123376 
               32.0     0.962060837 
               32.2     0.960011959 
               32.4     0.956059595 
               32.6     0.951110612 
               32.8     0.945666782 
               33.0     0.940296757 
               33.2     0.935305621 
               33.4     0.930916226 
               33.6     0.927436411 
               33.8     0.924816882 
               34.0     0.923280766 
               34.2     0.922809997 
               34.4     0.923330732 
               34.6     0.925018845 
               34.8     0.927538496 
               35.0     0.931039729 
               35.2      0.93538686 
               35.4     0.940261848 
               35.6     0.946051913 
               35.8     0.951969025 
               36.0      0.95793786 
               36.2     0.963801647 
               36.4     0.969996493 
               36.6        0.976144 
               36.8     0.981302228 
               37.0     0.986545563 
               37.2     0.990216049 
               37.4     0.993369029 
               37.6     0.996293441 
               37.8     0.996984277 
               38.0     0.996944338 
               38.2     0.993737834 
               38.4     0.991454336 
               38.6     0.994055792 
               38.8     0.987860212 
               39.0     0.979826779 
               39.2      0.97021712 
               39.4     0.966922156 
               39.6     0.959226319 
               39.8     0.951996344 
               40.0     0.944311667 
               40.2     0.936373617 
               40.4     0.929365409 
               40.6     0.922408497 
               40.8       0.9162663 
               41.0     0.911062614 
               41.2     0.906307808 
               41.4     0.902919949 
               41.6     0.900756643 
               41.8     0.899804016 
               42.0     0.899904569 
               42.2     0.901540755 
               42.4     0.904682518 
               42.6     0.909089785 
               42.8     0.915068254 
               43.0      0.92229133 
               43.2     0.930709761 
               43.4      0.94017458 
               43.6     0.950186301 
               43.8     0.960539165 
               44.0     0.970496879 
               44.2      0.97938535 
               44.4     0.986350895 
               44.6     0.990202118 
               44.8     0.989897644 
               45.0     0.984085824 
               45.2     0.971620261 
               45.4     0.951541721 
               45.6     0.923201976 
               45.8     0.886578546 
               46.0     0.842180632 
               46.2     0.791156881 
               46.4      0.73513133 
               46.6     0.676037506 
               46.8     0.615826285 
               47.0     0.556338466 
               47.2     0.499074428 
               47.4     0.445142496 
               47.6     0.395296383 
               47.8     0.349878165 
               48.0     0.309008133 
               48.2     0.272561261 
               48.4     0.240284275 
               48.6     0.211863202 
               48.8     0.186913552 
               49.0     0.165075627 
               49.2     0.145985126 
               49.4     0.129302811 
               49.6     0.114732593 
               49.8     0.101991448 
               50.0     0.090844974 
               50.2     0.081079715 
               50.4     0.072510641 
               50.6     0.064981657 
               50.8     0.058351717 
               51.0     0.052504681 
               51.2     0.047337575 
               51.4     0.042762104 
               51.6      0.03870348 
               51.8     0.035094777 
               52.0     0.031881174 
               52.2     0.029013331 
               52.4     0.026448842 
               52.6     0.024151957 
               52.8      0.02209058 
               53.0     0.020237339 
               53.2      0.01856815 
               53.4     0.017062368 
               53.6     0.015701594 
               53.8     0.014469684 
               54.0     0.013352958 
               54.2     0.012338766 
               54.4     0.011416495 
               54.6     0.010576477 
               54.8     0.009810348 
               55.0     0.009110626 
               55.2     0.008470662 
               55.4     0.007884481 
               55.6     0.007347078 
               55.8     0.006853555 
               56.0      0.00639992 
               56.2     0.005982404 
               56.4     0.005597643 
               56.6     0.005242759 
               56.8     0.004914963 
               57.0     0.004611931 
               57.2     0.004331483 
               57.4      0.00407164 
               57.6     0.003830719 
               57.8     0.003607035 
               58.0     0.003399228 
               58.2     0.003205949 
               58.4     0.003026023 
               58.6     0.002858421 
               58.8     0.002702097 
               59.0     0.002556223 
               59.2     0.002419971 
               59.4     0.002292581 
               59.6     0.002173387 
               59.8     0.002061796 
               60.0     0.001957293 
