\ Text file in IPAC table format, read with astropy
\ from astropy.table import QTable
\ QTable.read('filename.tbl', format='ascii.ipac')
\ Instrument model exported from the Planck NPIPE instrument models
|bandpass_frequency|     bandpass_weight|
|            double|              double|
|               GHz|                    |
|              null|                null|
              60.75 0.011822863525003037 
 60.849999999999994 0.016130671156460538 
              60.95 0.022052469659114296 
              61.05 0.030214283579275674 
 61.150000000000006   0.0414952307308096 
              61.25  0.05713476849122241 
 61.349999999999994  0.07888771038439082 
              61.45  0.10924936607446983 
              61.55  0.15178410245175739 
 61.650000000000006  0.19759755481617522 
              61.75  0.25763122970753727 
 61.849999999999994   0.3313506300942351 
              61.95   0.4160444778252236 
              62.05   0.5075699659298162 
 62.150000000000006   0.6008348739590713 
              62.25    0.689100609984856 
 62.349999999999994   0.7631484439891867 
              62.45   0.8127315205795292 
              62.55   0.8311208835652294 
 62.650000000000006    0.819710053927062 
              62.75    0.788299541149594 
 62.849999999999994   0.7504822082127703 
              62.95   0.7179454532602245 
              63.05   0.6973072778324187 
 63.150000000000006   0.6898726285662224 
              63.25   0.6927798091609121 
 63.349999999999994   0.7004337262566096 
              63.45   0.7061925242197843 
              63.55   0.7045185608980502 
 63.650000000000006   0.6931045682970767 
              63.75   0.6738322248684642 
 63.849999999999994    0.651839452978932 
              63.95   0.6332048625848534 
              64.05   0.6225653351662366 
  64.14999999999999   0.6217302732511094 
              64.25   0.6295467387841353 
              64.35   0.6426750767474667 
              64.45   0.6567917699252859 
              64.55   0.6678891101311317 
  64.64999999999999   0.6734703827994027 
              64.75   0.6732354306348961 
              64.85    0.668719336551935 
              64.95   0.6620208713764422 
              65.05   0.6546498875250817 
  65.14999999999999   0.6473156221741394 
              65.25   0.6403966584304241 
              65.35   0.6342933679384202 
              65.45   0.6293353385039732 
              65.55   0.6255338053811389 
  65.64999999999999   0.6224482190260822 
              65.75   0.6191004505388285 
              65.85   0.6139090363918599 
              65.95   0.6049291767538618 
              66.05   0.5906458817415964 
  66.14999999999999    0.570994069957843 
              66.25   0.5477836799470134 
              66.35   0.5240421713908782 
              66.45   0.5027364621724689 
              66.55   0.4858052218277066 
  66.64999999999999  0.47395944953660496 
              66.75  0.46701745584680654 
              66.85  0.46433367514768614 
              66.95  0.46512479234910853 
              67.05  0.46878314848789454 
  67.14999999999999    0.475230050295149 
              67.25   0.4850177443108978 
              67.35  0.49875841776456414 
              67.45   0.5159611402926416 
              67.55   0.5340767754691914 
  67.64999999999999   0.5486801057466726 
              67.75    0.555022557933201 
              67.85   0.5501761065968755 
              67.95   0.5344971985459481 
              68.05   0.5115611970421164 
  68.14999999999999   0.4866949862412198 
              68.25   0.4650861892824599 
              68.35   0.4505178501838237 
              68.45  0.44501622490213133 
              68.55  0.44888506474861234 
  68.64999999999999  0.46055705553165643 
              68.75    0.476456128650322 
              68.85   0.4917297148177521 
              68.95   0.5022126627413356 
              69.05   0.5065635837234828 
  69.14999999999999   0.5069687268465375 
              69.25   0.5079868597937316 
              69.35   0.5144331640985007 
              69.45   0.5293372826301079 
              69.55      0.5526039773693 
  69.64999999999999   0.5809235174722385 
              69.75   0.6094105300606822 
              69.85    0.634463830132314 
              69.95   0.6559196296397755 
              70.05    0.676833096815398 
  70.14999999999999   0.7012075492558384 
              70.25   0.7312699762857644 
              70.35   0.7657995279710684 
              70.45   0.8005878432217364 
              70.55   0.8312169592218899 
  70.64999999999999   0.8564533066558919 
              70.75   0.8792697105731251 
              70.85   0.9041468251262726 
              70.95   0.9326945834579465 
              71.05   0.9611990720889745 
  71.14999999999999   0.9823779721485905 
              71.25   0.9906077283641701 
              71.35   0.9866724189855157 
              71.45   0.9777345564971371 
              71.55   0.9724517727594537 
  71.64999999999999   0.9754673388390429 
              71.75   0.9851444775603602 
              71.85    0.995401652785067 
              71.95                  1.0 
              72.05    0.996060877146325 
  72.14999999999999   0.9843384561576656 
              72.25   0.9671289507295189 
              72.35   0.9467097237870238 
              72.45   0.9255977193164491 
              72.55   0.9072878573845031 
  72.64999999999999   0.8955495226032443 
              72.75   0.8922805634919043 
              72.85   0.8960057222233023 
              72.95    0.902853727254506 
              73.05   0.9094733403972739 
  73.14999999999999   0.9151427345223634 
              73.25   0.9209185831229239 
              73.35   0.9270969292449196 
              73.45   0.9322602246852002 
              73.55   0.9348012049123026 
  73.64999999999999   0.9343548132891664 
              73.75   0.9311451848355496 
              73.85   0.9249018736364013 
              73.95   0.9155942695572952 
              74.05   0.9047205757041429 
  74.14999999999999   0.8944088654735878 
              74.25   0.8849303855832261 
              74.35   0.8739343852064798 
              74.45   0.8585048217254921 
              74.55   0.8375124394441265 
  74.64999999999999   0.8119441385751963 
              74.75   0.7840216212345013 
              74.85   0.7567289188411963 
              74.95   0.7333323747216692 
              75.05   0.7159589694829993 
  75.14999999999999   0.7042960439658513 
              75.25   0.6962578996154745 
              75.35   0.6901714400300375 
              75.45   0.6857853730850526 
              75.55   0.6829451013548891 
  75.64999999999999   0.6801357267914621 
              75.75   0.6750039794943907 
              75.85   0.6658086520770063 
              75.95   0.6517545454341704 
              76.05   0.6325421780696159 
  76.14999999999999   0.6086252760430318 
              76.25   0.5817462496154218 
              76.35   0.5544229298095043 
              76.45   0.5289386192845412 
              76.55   0.5070862069032588 
  76.64999999999999  0.49014881165907986 
              76.75   0.4782214351890762 
              76.85  0.46966618266335863 
              76.95   0.4617398467157066 
              77.05   0.4518723196043396 
  77.14999999999999   0.4385936250603955 
              77.25     0.42204805183986 
              77.35  0.40409613338320544 
              77.45   0.3874692772539793 
              77.55  0.37429983651165677 
  77.64999999999999   0.3653093260751885 
              77.75   0.3600846767316734 
              77.85  0.35768869704329453 
              77.95  0.35710628746594014 
              78.05  0.35771562115736366 
  78.14999999999999   0.3596727507643099 
              78.25  0.36373874954608837 
              78.35   0.3706887706127308 
              78.45  0.38086413320227025 
              78.55  0.39395783242621263 
  78.64999999999999  0.40890816445108114 
              78.75  0.42416913527438893 
              78.85   0.4384481166397665 
              78.95  0.45120140751272275 
              79.05   0.4622501077572024 
  79.14999999999999  0.47079333880283303 
              79.25   0.4746113849969882 
              79.35   0.4705234885932769 
              79.45   0.4566020182500549 
              79.55   0.4341906326556422 
  79.64999999999999  0.40727750852385936 
              79.75   0.3802861685126981 
              79.85  0.35651709483435884 
              79.95  0.33721390263102824 
              80.05    0.320823772203059 
  80.14999999999999  0.30340179433791575 
              80.25  0.28109876460562017 
              80.35  0.25323703519532964 
              80.45   0.2228016228711513 
              80.55  0.19394279051340782 
  80.64999999999999  0.16941864865459735 
              80.75  0.15005765944516403 
              80.85  0.13567181924283264 
              80.95  0.12589288138575727 
              81.05  0.12022849587058244 
  81.14999999999999  0.11681274120021831 
              81.25  0.11480939779683931 
              81.35  0.11158576884360208 
              81.45  0.10500653881201887 
              81.55  0.09504839404882619 
  81.64999999999999  0.07175285548507253 
              81.75 0.054445085249119674 
              81.85 0.041536442336980776 
              81.95  0.03186842768529974 
              82.05 0.024594704228119886 
  82.14999999999999 0.019095748096455874 
              82.25 0.014917054961009108 
              82.35  0.01172436001778469 
