|bandpass_frequency|       bandpass_weight|
|            double|                double|
|               GHz|                      |
|              null|                  null|
              197.5    1.7215377197545e-07 
              200.0 3.5121386014908283e-07 
              202.5  4.854901740846136e-07 
              205.0  5.584102427941128e-07 
              207.5  8.370463444554827e-07 
              210.0 1.3968038628048845e-06 
              212.5  2.253491694627853e-06 
              215.0  3.336359453576373e-06 
              217.5  4.745621851045495e-06 
              220.0  6.767318025790653e-06 
              222.5 1.0219681050490417e-05 
              225.0 1.5899748503860843e-05 
              227.5  2.535699707954311e-05 
              230.0  4.073991544322767e-05 
              232.5  6.649357183844843e-05 
              235.0 0.00011021501334612186 
              237.5 0.00019488768957253184 
              240.0 0.00038320778831380176 
              242.5  0.0008259150570108495 
              243.0  0.0009687140998690155 
              243.5  0.0011358270659753238 
              244.0  0.0013306326364064967 
              244.5  0.0015546457131014565 
              245.0  0.0018110571731922765 
              245.5   0.002100022904315121 
              246.0   0.002422516552775239 
              246.5   0.002777154785388158 
              247.0  0.0031597159849451133 
              247.5  0.0035659553278881784 
              248.0   0.003984234821027482 
              248.5   0.004404202561734602 
              249.0   0.004809154675041192 
              249.5   0.005183684859188253 
              250.0   0.005519345207535859 
              250.5    0.00581924073348737 
              251.0   0.006130314253486005 
              251.5   0.006568706928608258 
              252.0   0.007413708821627121 
              252.5   0.009247652098969246 
              253.0   0.013262775604440944 
              253.5   0.021842233406307976 
              254.0   0.039581440658469316 
              254.5    0.07487057608612105 
              255.0    0.14068645729017504 
              255.5    0.24992262368279922 
              256.0     0.3977988702227862 
              256.5       0.54647861754713 
              257.0     0.6521439328543568 
              257.5     0.7058223154314781 
              258.0      0.725829323882838 
              258.5      0.731517435711868 
              259.0     0.7340773204821892 
              259.5     0.7385970824724951 
              260.0     0.7465767865913998 
              260.5      0.758178433005245 
              261.0     0.7729055045246377 
              261.5     0.7898138545405381 
              262.0     0.8083573525648977 
              262.5     0.8273573021491564 
              263.0     0.8465176483819912 
              263.5     0.8649282860031091 
              264.0      0.882356157823713 
              264.5     0.8983996194133397 
              265.0      0.912775163818457 
              265.5     0.9255185997893723 
              266.0     0.9363668212010609 
              266.5     0.9455151843092303 
              267.0      0.952900351084607 
              267.5     0.9585031291520466 
              268.0     0.9626856529634635 
              268.5     0.9652086656046241 
              269.0     0.9667294454591597 
              269.5      0.966868837641722 
              270.0     0.9664048007880657 
              270.5     0.9651312679490726 
              271.0     0.9635661408005415 
              271.5     0.9615367538002273 
              272.0     0.9594330866746797 
              272.5     0.9566422757957072 
              273.0     0.9539072388375819 
              273.5     0.9499024501763392 
              274.0      0.946008193534848 
              274.5     0.9405431937661634 
              275.0     0.9351931999727984 
              275.5     0.9279076308872017 
              276.0     0.9207076314789132 
              276.5        0.9114769003573 
              277.0     0.9022910119371743 
              277.5     0.8919385895312286 
              278.0     0.8815911499127018 
              278.5     0.8731517450378037 
              279.0     0.8646907446413306 
              279.5     0.8624519863702479 
              280.0     0.8601812966413616 
              280.5      0.865223324901216 
              281.0      0.870227303167541 
              281.5     0.8792429122467806 
              282.0     0.8882194187228796 
              282.5     0.8975420209159398 
              283.0     0.9068266604628583 
              283.5     0.9147732370439284 
              284.0     0.9226884342551113 
              284.5     0.9289850187220198 
              285.0     0.9352503388021584 
              285.5     0.9400821904651435 
              286.0     0.9448854684502028 
              286.5     0.9485048991711029 
              287.0     0.9520893333670553 
              287.5     0.9547552250077607 
              288.0     0.9573740684388913 
              288.5     0.9592987077486199 
              289.0     0.9611584698771904 
              289.5     0.9625100046062206 
              290.0     0.9637787992479142 
              290.5     0.9646448322080855 
              291.0     0.9654141672803329 
              291.5     0.9657789512336177 
              292.0     0.9660410886041277 
              292.5     0.9659495618860183 
              293.0     0.9657594192537504 
              293.5     0.9652960113644989 
              294.0     0.9647576515972694 
              294.5      0.964017859813652 
              295.0     0.9632404844458459 
              295.5     0.9623236148320521 
              296.0     0.9614220840750105 
              296.5     0.9604492608051799 
              297.0     0.9595484452301953 
              297.5     0.9586262568489393 
              298.0     0.9578364539780562 
              298.5     0.9570526779175154 
              299.0     0.9564459336354448 
              299.5     0.9559039084260625 
              300.0      0.955554225472014 
              300.5     0.9553523438523059 
              301.0       0.95529406695064 
              301.5     0.9553379435151144 
              302.0     0.9553837310785566 
              302.5     0.9552261998154651 
              303.0     0.9548068302541126 
              303.5     0.9537576264680923 
              304.0     0.9520161304540351 
              304.5     0.9490354516495649 
              305.0     0.9447462783648425 
              305.5     0.9384872815584814 
              306.0     0.9301345713833891 
              306.5     0.9190170009131718 
              307.0     0.9049518407291075 
              307.5     0.8873721983328109 
              308.0     0.8661268944384727 
              308.5     0.8408722928752353 
              309.0     0.8116589221006796 
              309.5     0.7784451591733924 
              310.0     0.7416655514404847 
              310.5     0.7016821061373164 
              311.0     0.6592533119635967 
              311.5     0.6151670742939899 
              312.0     0.5702094012082596 
              312.5      0.525303490000017 
              313.0     0.4811062627837148 
              313.5     0.4383311996613463 
              314.0     0.3974784999496833 
              314.5     0.3590464891245098 
              315.0     0.3232043544215595 
              315.5     0.2902003361386523 
              316.0     0.2599604157153875 
              316.5    0.23254115138661394 
              317.0    0.20772756089014938 
              317.5    0.18548539379547982 
              318.0    0.16551618315221742 
              318.5    0.14774777910808667 
              319.0    0.13186787934748223 
              319.5      0.117781786141249 
              320.0    0.10521913912853326 
              320.5    0.09407147696257426 
              321.0    0.08413471794711959 
              321.5    0.07528826715346683 
              322.0    0.06740140567044058 
              322.5    0.06035233864068014 
              323.0   0.054064216170715905 
              323.5    0.04843261519376147 
              324.0    0.04340540948302603 
              324.5    0.03889784559972768 
              325.0    0.03487017213944754 
              325.5    0.03124165349523481 
              326.0   0.027998090093627505 
              326.5   0.025096831699212986 
              327.0    0.02250004148020168 
              327.5   0.020175021467546937 
              328.0   0.018092204676168247 
              328.5   0.016225653389473797 
              329.0   0.014552148350860468 
              329.5   0.013051599774099778 
              330.0   0.011705564480535533 
              330.5   0.010498367402383538 
              331.0    0.00941531899215967 
              331.5   0.008443698027822358 
              332.0   0.007572059876225704 
              332.5   0.006790149579342844 
              333.0   0.006088783854561509 
              333.5   0.005459758224768691 
              334.0   0.004895690485511017 
              334.5   0.004389930413139301 
              335.0   0.003936541817807249 
              335.5  0.0035301458278652366 
              336.0   0.003165952335069337 
              336.5  0.0028396127375186694 
              337.0   0.002547234628721842 
              337.5  0.0022853170958812194 
              338.0  0.0020506961847830568 
              338.5   0.001840558129228943 
              339.0   0.001652345441035593 
              339.5  0.0014837753053946097 
              340.0  0.0013327968961427458 
              340.5  0.0011975626649389764 
              341.0  0.0010764229508611657 
              341.5    0.00096789964698894 
              344.0  0.0005725834361569896 
              346.5  0.0003429433509886425 
              349.0 0.00020832720481841116 
