\ Text file in IPAC table format, read with astropy
\ from astropy.table import QTable
\ QTable.read('filename.tbl', format='ascii.ipac')
\ Instrument model exported from the Planck NPIPE instrument models
|bandpass_frequency|bandpass_weight|
|            double|         double|
|               GHz|               |
|              null|           null|
              50.42         0.01572 
              51.04          0.0144 
              51.66         0.01361 
              52.29         0.01231 
              52.91         0.01027 
              53.53         0.00799 
              54.15           0.006 
              54.78         0.00424 
               55.4         0.00226 
              56.02          0.0012 
              56.64         0.00101 
              57.27        -0.00019 
              57.89        -0.00215 
              58.51        -0.00379 
              59.13        -0.00533 
              59.76        -0.00688 
              60.38        -0.00829 
               61.0        -0.01024 
              61.62        -0.01306 
              62.25        -0.01568 
              62.87        -0.01713 
              63.49        -0.01765 
              64.11         -0.0179 
              64.74        -0.01828 
              65.36        -0.01848 
              65.98        -0.01788 
               66.6        -0.01674 
              67.23        -0.01559 
              67.85        -0.01421 
              68.47          -0.013 
              69.09        -0.01268 
              69.72        -0.01281 
              70.34        -0.01241 
              70.96        -0.01027 
              71.58        -0.00594 
              72.21        -0.00162 
              72.83        -0.00018 
              73.45          -3e-05 
              74.07         0.00511 
               74.7         0.01834 
              75.32         0.03332 
              75.94         0.04056 
              76.56            0.04 
              77.19         0.04484 
              77.81         0.07039 
              78.43         0.11076 
              79.05         0.13463 
              79.68         0.13476 
               80.3          0.1605 
              80.92         0.25878 
              81.54         0.39958 
              82.17         0.50877 
              82.79         0.57415 
              83.41         0.65279 
              84.03         0.77935 
              84.66         0.91496 
              85.28         0.98722 
               85.9         0.98014 
              86.52         0.95194 
              87.15         0.94927 
              87.77         0.96563 
              88.39          0.9835 
              89.01         0.99697 
              89.63             1.0 
              90.26         0.98609 
              90.88         0.96219 
               91.5         0.94641 
              92.12         0.93757 
              92.75         0.91403 
              93.37          0.8647 
              93.99         0.80071 
              94.61         0.75089 
              95.24         0.73676 
              95.86         0.74675 
              96.48         0.75658 
               97.1         0.76366 
              97.73         0.77443 
              98.35         0.77986 
              98.97         0.77126 
              99.59         0.75735 
             100.22         0.74449 
             100.84         0.72545 
             101.46         0.69442 
             102.08         0.65184 
             102.71         0.59602 
             103.33         0.52407 
             103.95         0.44257 
             104.57         0.36572 
              105.2         0.30392 
             105.82         0.25437 
             106.44         0.20692 
             107.06         0.16033 
             107.69         0.12275 
             108.31         0.09765 
             108.93         0.07882 
             109.55         0.06035 
             110.18         0.04314 
              110.8         0.03089 
             111.42          0.0246 
             112.04         0.02217 
             112.67         0.02059 
             113.29         0.01815 
             113.91         0.01522 
             114.53         0.01281 
             115.16         0.01098 
             115.78         0.00918 
              116.4         0.00734 
             117.02         0.00589 
             117.65          0.0051 
             118.27         0.00479 
             118.89         0.00464 
             119.51         0.00462 
             120.14         0.00468 
             120.76         0.00473 
             121.38         0.00479 
              122.0         0.00483 
             122.63         0.00475 
             123.25          0.0046 
             123.87         0.00439 
             124.49         0.00415 
             125.12         0.00396 
             125.74         0.00379 
             126.36          0.0035 
             126.98         0.00317 
             127.61         0.00291 
             128.23          0.0027 
             128.85         0.00243 
             129.47         0.00208 
              130.1         0.00177 
             130.72         0.00159 
             131.34         0.00149 
             131.96          0.0014 
             132.59         0.00129 
             133.21         0.00116 
             133.83         0.00101 
             134.45         0.00087 
             135.07         0.00081 
              135.7         0.00076 
             136.32         0.00066 
             136.94         0.00052 
             137.56         0.00041 
             138.19         0.00037 
             138.81         0.00036 
             139.43         0.00034 
             140.05         0.00035 
             140.68         0.00036 
              141.3         0.00032 
             141.92         0.00026 
             142.54         0.00024 
             143.17         0.00027 
             143.79         0.00031 
             144.41         0.00031 
             145.03         0.00028 
             145.66         0.00028 
             146.28         0.00033 
              146.9         0.00037 
             147.52         0.00036 
             148.15         0.00036 
             148.77         0.00039 
             149.39          0.0004 
