\ Text file in IPAC table format, read with astropy
\ from astropy.table import QTable
\ QTable.read('filename.tbl', format='ascii.ipac')
\ Instrument model exported from the Planck NPIPE instrument models
|bandpass_frequency|bandpass_weight|
|            double|         double|
|               GHz|               |
|              null|           null|
               35.0             0.0 
               35.6         0.00143 
               36.2         0.00088 
               36.8         0.00107 
               37.4         0.00255 
               38.0         0.00239 
               38.6         0.00056 
               39.2         -0.0004 
               39.8         0.00033 
               40.4         0.00111 
               41.0         0.00115 
               41.6         0.00076 
               42.2          0.0002 
               42.8        -0.00022 
               43.4        -0.00019 
               44.0          -6e-05 
               44.6          0.0001 
               45.2          0.0004 
               45.8         0.00046 
               46.4         0.00138 
               47.0         0.00253 
               47.6         0.00289 
               48.2         0.00282 
               48.8         0.00276 
               49.4         0.00315 
               50.0         0.00368 
               50.6         0.00375 
               51.2         0.00328 
               51.8         0.00251 
               52.4         0.00153 
               53.0         0.00062 
               53.6             0.0 
               54.2        -0.00071 
               54.8         -0.0016 
               55.4        -0.00164 
               56.0        -0.00214 
               56.6        -0.00337 
               57.2        -0.00366 
               57.8         -0.0033 
               58.4        -0.00336 
               59.0        -0.00355 
               59.6        -0.00325 
               60.2        -0.00299 
               60.8        -0.00343 
               61.4        -0.00402 
               62.0          -0.004 
               62.6        -0.00386 
               63.2        -0.00338 
               63.8        -0.00277 
               64.4        -0.00285 
               65.0        -0.00246 
               65.6        -0.00142 
               66.2        -0.00079 
               66.8         -0.0006 
               67.4        -0.00039 
               68.0           5e-05 
               68.6         0.00082 
               69.2         0.00172 
               69.8         0.00202 
               70.4          0.0018 
               71.0          0.0032 
               71.6         0.00602 
               72.2         0.00606 
               72.8         0.00602 
               73.4         0.00995 
               74.0         0.01527 
               74.6         0.01855 
               75.2         0.02027 
               75.8         0.02524 
               76.4         0.03632 
               77.0         0.04758 
               77.6         0.05073 
               78.2           0.052 
               78.8          0.0711 
               79.4         0.10849 
               80.0         0.12935 
               80.6         0.13177 
               81.2         0.17371 
               81.8         0.25065 
               82.4          0.2976 
               83.0         0.31407 
               83.6         0.37106 
               84.2         0.48084 
               84.8         0.57421 
               85.4         0.61323 
               86.0         0.64582 
               86.6         0.71966 
               87.2         0.80963 
               87.8         0.86302 
               88.4         0.87534 
               89.0         0.89852 
               89.6         0.93579 
               90.2         0.95333 
               90.8         0.95842 
               91.4         0.97195 
               92.0         0.99078 
               92.6             1.0 
               93.2         0.98839 
               93.8         0.95357 
               94.4         0.91067 
               95.0         0.89012 
               95.6         0.90214 
               96.2         0.91092 
               96.8         0.89105 
               97.4         0.87427 
               98.0         0.87325 
               98.6         0.86133 
               99.2         0.83943 
               99.8         0.81944 
              100.4         0.79971 
              101.0         0.77869 
              101.6         0.75643 
              102.2         0.72759 
              102.8         0.68642 
              103.4         0.63495 
              104.0         0.57654 
              104.6         0.50804 
              105.2         0.42951 
              105.8         0.35456 
              106.4         0.29482 
              107.0         0.24164 
              107.6         0.18946 
              108.2         0.14449 
              108.8         0.11122 
              109.4         0.08609 
              110.0         0.06434 
              110.6         0.04589 
              111.2         0.03323 
              111.8         0.02631 
              112.4          0.0216 
              113.0         0.01625 
              113.6         0.01152 
              114.2         0.00945 
              114.8         0.00795 
              115.4         0.00531 
              116.0         0.00319 
              116.6         0.00236 
              117.2         0.00197 
              117.8         0.00144 
              118.4         0.00097 
              119.0         0.00076 
              119.6         0.00066 
              120.2         0.00051 
              120.8         0.00041 
              121.4          0.0004 
              122.0         0.00031 
              122.6         0.00025 
              123.2          0.0003 
              123.8         0.00032 
              124.4         0.00035 
              125.0         0.00052 
              125.6         0.00073 
              126.2         0.00089 
              126.8         0.00103 
              127.4         0.00118 
              128.0         0.00131 
              128.6          0.0014 
              129.2         0.00149 
              129.8         0.00151 
              130.4         0.00146 
              131.0         0.00145 
              131.6         0.00144 
              132.2         0.00139 
              132.8         0.00128 
              133.4         0.00115 
              134.0         0.00105 
              134.6         0.00095 
              135.2         0.00085 
              135.8         0.00076 
              136.4         0.00068 
              137.0         0.00061 
              137.6         0.00054 
              138.2         0.00048 
              138.8         0.00041 
              139.4         0.00035 
              140.0         0.00032 
              140.6         0.00031 
              141.2         0.00031 
              141.8         0.00031 
              142.4          0.0003 
              143.0         0.00031 
              143.6         0.00033 
              144.2         0.00035 
              144.8         0.00036 
              145.4         0.00039 
              146.0         0.00042 
              146.6         0.00045 
              147.2         0.00045 
              147.8         0.00045 
              148.4         0.00045 
              149.0         0.00046 
              149.6         0.00046 
              150.2         0.00046 
              150.8         0.00047 
              151.4         0.00048 
              152.0         0.00048 
              152.6         0.00047 
              153.2         0.00045 
              153.8         0.00043 
              154.4         0.00043 
              155.0         0.00042 
              155.6          0.0004 
              156.2         0.00039 
              156.8         0.00039 
              157.4         0.00038 
              158.0         0.00038 
              158.6         0.00037 
              159.2         0.00036 
              159.8         0.00034 
              160.4         0.00031 
              161.0          0.0003 
              161.6         0.00028 
              162.2         0.00025 
              162.8         0.00022 
              163.4          0.0002 
              164.0         0.00018 
              164.6             0.0 
