\ Text file in IPAC table format, read with astropy
\ from astropy.table import QTable
\ QTable.read('filename.tbl', format='ascii.ipac')
\ Instrument model exported from the Planck NPIPE instrument models
|bandpass_frequency|bandpass_weight|
|            double|         double|
|               GHz|               |
|              null|           null|
              150.0             0.0 
              150.5             0.0 
              151.0          -3e-05 
              151.5          -4e-05 
              152.0          -4e-05 
              152.5          -4e-05 
              153.0          -3e-05 
              153.5          -3e-05 
              154.0          -3e-05 
              154.5          -4e-05 
              155.0          -4e-05 
              155.5          -5e-05 
              156.0          -5e-05 
              156.5          -5e-05 
              157.0          -5e-05 
              157.5          -5e-05 
              158.0          -6e-05 
              158.5          -6e-05 
              159.0          -5e-05 
              159.5          -5e-05 
              160.0          -5e-05 
              160.5          -5e-05 
              161.0          -5e-05 
              161.5          -5e-05 
              162.0          -6e-05 
              162.5          -6e-05 
              163.0          -6e-05 
              163.5          -6e-05 
              164.0          -6e-05 
              164.5          -6e-05 
              165.0          -6e-05 
              165.5          -6e-05 
              166.0          -7e-05 
              166.5          -7e-05 
              167.0          -7e-05 
              167.5          -8e-05 
              168.0          -8e-05 
              168.5          -8e-05 
              169.0          -8e-05 
              169.5          -8e-05 
              170.0          -8e-05 
              170.5          -8e-05 
              171.0          -8e-05 
              171.5          -8e-05 
              172.0          -9e-05 
              172.5         -0.0001 
              173.0        -0.00011 
              173.5        -0.00012 
              174.0        -0.00013 
              174.5        -0.00013 
              175.0        -0.00012 
              175.5        -0.00012 
              176.0        -0.00012 
              176.5        -0.00012 
              177.0        -0.00012 
              177.5        -0.00012 
              178.0        -0.00013 
              178.5        -0.00013 
              179.0        -0.00013 
              179.5        -0.00013 
              180.0        -0.00012 
              180.5          -8e-05 
              181.0          -5e-05 
              181.5          -3e-05 
              182.0          -2e-05 
              182.5          -1e-05 
              183.0           1e-05 
              183.5           3e-05 
              184.0           5e-05 
              184.5           9e-05 
              185.0         0.00013 
              185.5         0.00018 
              186.0         0.00023 
              186.5         0.00027 
              187.0          0.0003 
              187.5          0.0003 
              188.0         0.00029 
              188.5         0.00029 
              189.0         0.00032 
              189.5         0.00038 
              190.0         0.00047 
              190.5          0.0006 
              191.0         0.00073 
              191.5         0.00086 
              192.0         0.00098 
              192.5         0.00107 
              193.0         0.00117 
              193.5         0.00128 
              194.0         0.00142 
              194.5         0.00161 
              195.0         0.00184 
              195.5         0.00208 
              196.0         0.00231 
              196.5         0.00252 
              197.0         0.00269 
              197.5         0.00282 
              198.0         0.00291 
              198.5         0.00308 
              199.0         0.00335 
              199.5         0.00369 
              200.0         0.00402 
              200.5          0.0043 
              201.0         0.00454 
              201.5         0.00478 
              202.0         0.00499 
              202.5         0.00518 
              203.0         0.00531 
              203.5         0.00538 
              204.0         0.00549 
              204.5         0.00569 
              205.0           0.006 
              205.5         0.00637 
              206.0         0.00665 
              206.5         0.00695 
              207.0         0.00733 
              207.5          0.0078 
              208.0          0.0083 
              208.5         0.00866 
              209.0         0.00885 
              209.5         0.00893 
              210.0         0.00901 
              210.5         0.00914 
              211.0         0.00935 
              211.5         0.00951 
              212.0         0.00965 
              212.5         0.00986 
              213.0         0.01023 
              213.5         0.01079 
              214.0         0.01137 
              214.5          0.0118 
              215.0         0.01213 
              215.5         0.01238 
              216.0          0.0126 
              216.5         0.01276 
              217.0         0.01281 
              217.5         0.01278 
              218.0         0.01268 
              218.5         0.01257 
              219.0         0.01254 
              219.5         0.01261 
              220.0         0.01266 
              220.5         0.01265 
              221.0         0.01259 
              221.5         0.01259 
              222.0         0.01262 
              222.5         0.01262 
              223.0         0.01261 
              223.5         0.01264 
              224.0         0.01271 
              224.5         0.01275 
              225.0         0.01274 
              225.5         0.01268 
              226.0         0.01255 
              226.5         0.01235 
              227.0         0.01206 
              227.5         0.01171 
              228.0         0.01132 
              228.5         0.01097 
              229.0         0.01071 
              229.5         0.01058 
              230.0         0.01051 
              230.5         0.01047 
              231.0         0.01048 
              231.5         0.01054 
              232.0         0.01067 
              232.5         0.01072 
              233.0         0.01062 
              233.5         0.01038 
              234.0         0.01003 
              234.5         0.00966 
              235.0         0.00933 
              235.5         0.00903 
              236.0         0.00876 
              236.5         0.00849 
              237.0         0.00829 
              237.5         0.00822 
              238.0         0.00824 
              238.5         0.00824 
              239.0         0.00815 
              239.5           0.008 
              240.0         0.00782 
              240.5         0.00762 
              241.0         0.00738 
              241.5         0.00709 
              242.0         0.00678 
              242.5         0.00652 
              243.0         0.00629 
              243.5         0.00613 
              244.0           0.006 
              244.5         0.00586 
              245.0         0.00571 
              245.5         0.00555 
              246.0         0.00539 
              246.5         0.00523 
              247.0         0.00504 
              247.5         0.00483 
              248.0         0.00463 
              248.5         0.00443 
              249.0         0.00426 
              249.5         0.00409 
              250.0          0.0039 
              250.5         0.00368 
              251.0         0.00341 
              251.5         0.00314 
              252.0         0.00288 
              252.5         0.00264 
              253.0         0.00243 
              253.5         0.00225 
              254.0          0.0021 
              254.5         0.00199 
              255.0          0.0019 
              255.5         0.00183 
              256.0         0.00176 
              256.5         0.00168 
              257.0         0.00159 
              257.5         0.00148 
              258.0         0.00138 
              258.5         0.00128 
              259.0          0.0012 
              259.5         0.00112 
              260.0         0.00106 
              260.5           0.001 
              261.0         0.00095 
              261.5         0.00091 
              262.0         0.00088 
              262.5         0.00084 
              263.0         0.00081 
              263.5         0.00077 
              264.0         0.00074 
              264.5          0.0007 
              265.0         0.00066 
              265.5         0.00061 
              266.0         0.00056 
              266.5         0.00051 
              267.0         0.00047 
              267.5         0.00043 
              268.0          0.0004 
              268.5         0.00037 
              269.0         0.00034 
              269.5         0.00032 
              270.0         0.00031 
              270.5          0.0003 
              271.0         0.00028 
              271.5         0.00027 
              272.0         0.00025 
              272.5         0.00024 
              273.0         0.00022 
              273.5         0.00021 
              274.0          0.0002 
              274.5         0.00019 
              275.0         0.00018 
              275.5         0.00017 
              276.0         0.00016 
              276.5         0.00015 
              277.0         0.00014 
              277.5         0.00013 
              278.0         0.00012 
              278.5         0.00011 
              279.0         0.00011 
              279.5          0.0001 
              280.0          0.0001 
              280.5           9e-05 
              281.0           9e-05 
              281.5           8e-05 
              282.0           8e-05 
              282.5           7e-05 
              283.0           7e-05 
              283.5           6e-05 
              284.0           6e-05 
              284.5           5e-05 
              285.0           5e-05 
              285.5           5e-05 
              286.0           5e-05 
              286.5           5e-05 
              287.0           4e-05 
              287.5           4e-05 
              288.0           4e-05 
              288.5           4e-05 
              289.0           4e-05 
              289.5           4e-05 
              290.0           4e-05 
              290.5           4e-05 
              291.0           4e-05 
              291.5           3e-05 
              292.0           3e-05 
              292.5           3e-05 
              293.0           3e-05 
              293.5           3e-05 
              294.0           3e-05 
              294.5           3e-05 
              295.0           3e-05 
              295.5           3e-05 
              296.0           3e-05 
              296.5           3e-05 
              297.0           3e-05 
              297.5           3e-05 
              298.0           3e-05 
              298.5           2e-05 
              299.0           2e-05 
              299.5           2e-05 
              300.0             0.0 
